68
Influenza_A_virus_A/South_Carolina/1/18_H1N1                               0.0000000 0.0775654 0.0854155 0.0990765 0.0997048 0.1148628 0.1707776 0.1355326 0.1716061 0.1629340 0.2072871 0.5926540 0.6309577 0.6363371 0.6513643 0.6343734 0.6345085 0.6823190 0.6725663 0.6838119 0.8694000 0.8706904 0.8728896 0.8765811 1.1628240 1.1773081 1.1970377 1.4305412 1.4382562 1.4883538 1.5035431 1.5190645 1.5256436 1.5352398 1.6476686 1.6123599 1.2664312 1.2782410 1.2803259 1.3645704 1.4602420 1.4602420 1.4765515 1.4219053 1.4219053 1.4208633 1.4208633 2.0893752 2.1044012 2.0935675 2.1351977 2.2110559 2.2448710 2.2649738 2.2365775 2.2346448 2.2263111 2.2373457 2.2141801 2.0247129 2.0364762 2.0679638 2.0349863 2.1076983 2.1160202 2.0892099 2.0432194 2.1578608 
Influenza_A_virus_A/common_teal/Netherlands/10/2000_H1N1                   0.0775654 0.0000000 0.0321265 0.0444409 0.1541167 0.1555063 0.2346962 0.1943940 0.2270196 0.2068140 0.2384521 0.5695393 0.5979003 0.6018552 0.6244917 0.6116473 0.6023316 0.6579810 0.6395318 0.6622979 0.8250533 0.8259038 0.8160276 0.8752330 1.1314134 1.1425630 1.1714037 1.3767961 1.3918164 1.4686484 1.4855524 1.4875995 1.4881970 1.5113230 1.6440158 1.5798765 1.2854047 1.2976491 1.2970911 1.3921134 1.4693570 1.4693570 1.4855584 1.4325470 1.4325470 1.4314996 1.4314996 2.1142255 2.1013980 2.1228874 2.1651221 2.2836018 2.2941916 2.3222811 2.3150003 2.3074853 2.3092999 2.3160951 2.2814386 2.0361994 2.0473729 2.0664762 2.0043689 2.0581568 2.0941128 2.0849553 2.0367345 2.1625925 
Influenza_A_virus_A/mallard_duck/ALB/2/1977_H1N6                           0.0854155 0.0321265 0.0000000 0.0360672 0.1587732 0.1570355 0.2385008 0.2105651 0.2379823 0.2125597 0.2481558 0.5887568 0.6150427 0.6191240 0.6222000 0.6113498 0.5988604 0.6580418 0.6559172 0.6634479 0.8320391 0.8211785 0.8237926 0.8767377 1.1488969 1.1602003 1.1808167 1.4005222 1.4125546 1.5061206 1.5234091 1.5481231 1.5487851 1.5638652 1.6946148 1.6250304 1.3005875 1.3204385 1.3039980 1.3989889 1.4654654 1.4654654 1.4816212 1.4505631 1.4505631 1.4495070 1.4495070 2.1555991 2.1452167 2.1520719 2.2027168 2.3127045 2.3232013 2.3305642 2.3484566 2.3442679 2.3463326 2.3342861 2.3182972 2.0686011 2.0786209 2.0843702 2.0457832 2.0846386 2.0988580 2.1398628 2.0908156 2.2057061 
Influenza_A_virus_A/red-winged_tinamou/Argentina/MP1/2008_H1N1             0.0990765 0.0444409 0.0360672 0.0000000 0.1694003 0.1671248 0.2354596 0.2150089 0.2430719 0.2219783 0.2505018 0.5669188 0.6142683 0.6158751 0.6046975 0.5939009 0.5814697 0.6390200 0.6328205 0.6465768 0.8276755 0.8273011 0.8317778 0.8630143 1.1273651 1.1464657 1.1481994 1.3806706 1.3780968 1.5042974 1.5190163 1.4968416 1.4974570 1.5101778 1.6478288 1.5811341 1.2972801 1.3143655 1.3038771 1.3894239 1.4423574 1.4423574 1.4624057 1.4472891 1.4472891 1.4462222 1.4462222 2.0856151 2.0714482 2.0783219 2.1735200 2.2718346 2.2582050 2.3143104 2.2974453 2.2647738 2.2671192 2.2921882 2.2650574 2.0121843 2.0341397 2.0719923 2.0215498 2.0236194 2.0827122 2.0991144 2.0500890 2.1486729 
Influenza_A_virus_A/swine/Tennessee/1/1975_H1N1                            0.0997048 0.1541167 0.1587732 0.1694003 0.0000000 0.0481834 0.1077559 0.1992126 0.2363000 0.2244232 0.2859869 0.6543571 0.7051898 0.6980731 0.6796915 0.6760539 0.6684917 0.7163296 0.6926047 0.7141616 0.9373340 0.9253844 0.9251659 0.9340867 1.1804564 1.1870717 1.2134574 1.3484039 1.3597305 1.4507718 1.4714891 1.5483543 1.5546300 1.5697599 1.6875193 1.6558980 1.2883125 1.3169105 1.3090601 1.4152350 1.5126096 1.5126096 1.5266546 1.4651830 1.4651830 1.4641274 1.4641274 2.1416784 2.1320519 2.1281955 2.1409314 2.2395249 2.2553649 2.2819200 2.2940345 2.2169874 2.2080428 2.1827613 2.1587096 2.0694815 2.0889587 2.2181348 2.1286428 2.1286316 2.1928747 2.0651702 2.0221464 2.1501229 
Influenza_A_virus_A/swine/Hong_Kong/103/1993_H1N1                          0.1148628 0.1555063 0.1570355 0.1671248 0.0481834 0.0000000 0.0789689 0.2200143 0.2530039 0.2358741 0.2910675 0.6368332 0.6984132 0.6909548 0.6404744 0.6410792 0.6331983 0.6692624 0.6537283 0.6732635 0.8678947 0.8604487 0.8464949 0.8711438 1.1128675 1.1065721 1.1403028 1.2752437 1.2998658 1.3800075 1.3989349 1.4516782 1.4578718 1.4704439 1.5807971 1.5460497 1.2648731 1.2932976 1.2797269 1.3751831 1.4555307 1.4555307 1.4736286 1.4227374 1.4227374 1.4216832 1.4216832 2.0475427 2.0119019 2.0173974 2.0753428 2.1070918 2.1375917 2.1718138 2.1833772 2.2091741 2.1897086 2.1759628 2.1527797 2.0252440 2.0446470 2.1576912 2.0547710 2.0848179 2.1218455 1.9819999 1.9289435 2.0387292 
Influenza_A_virus_A/Calinia/0/2009_H1N1                                    0.1707776 0.2346962 0.2385008 0.2354596 0.1077559 0.0789689 0.0000000 0.2510739 0.2719743 0.2730236 0.3325659 0.6906849 0.7576401 0.7431213 0.6864216 0.6835155 0.6850869 0.7306354 0.7130431 0.7283052 0.9667643 0.9564785 0.9413175 0.9307179 1.2028309 1.2007308 1.2282118 1.3139435 1.3237848 1.4319566 1.4331830 1.5517864 1.5580937 1.5719044 1.7465347 1.6920975 1.3420683 1.3451676 1.3522019 1.4410745 1.4892395 1.4892395 1.5163181 1.4581937 1.4581937 1.4571414 1.4571414 2.1140932 2.1315939 2.1395448 2.0940344 2.1368937 2.2179190 2.2268348 2.2522647 2.1710043 2.1447553 2.0865497 2.1115789 2.0956980 2.1315403 2.2429833 2.1657460 2.1685752 2.2217351 2.1044572 2.0522364 2.1723742 
Influenza_A_virus_A/Puerto_Rico/8/193_H1N1                                 0.1355326 0.1943940 0.2105651 0.2150089 0.1992126 0.2200143 0.2510739 0.0000000 0.1260606 0.1146830 0.1820501 0.6437203 0.6960563 0.6953549 0.6577968 0.6544620 0.6644537 0.7009039 0.6988396 0.7047654 0.9328778 0.9342097 0.9255045 0.9159604 1.1785256 1.1883372 1.1755027 1.4878456 1.4495856 1.4803851 1.4995232 1.5231118 1.5407952 1.5432440 1.6707303 1.6342526 1.3281148 1.3306428 1.3594928 1.4050681 1.4794325 1.4794325 1.4953357 1.4379464 1.4379464 1.4368977 1.4368977 2.2563481 2.2819205 2.2868567 2.2740194 2.4021291 2.4652580 2.4255521 2.3997554 2.3735108 2.3783159 2.3870461 2.3548708 2.1399457 2.1180596 2.1829230 2.1554596 2.1171859 2.2371815 2.2111493 2.1518462 2.2425470 
Influenza_A_virus_A/Malaysia/5_H1N1                                        0.1716061 0.2270196 0.2379823 0.2430719 0.2363000 0.2530039 0.2719743 0.1260606 0.0000000 0.0623965 0.1528170 0.6815827 0.7335456 0.7369324 0.7159098 0.7042017 0.6962859 0.7434751 0.7572408 0.7781333 0.9026368 0.8957614 0.9199850 0.8890426 1.1871753 1.2086175 1.1944318 1.5252415 1.4662993 1.5414103 1.5639917 1.5291583 1.5408953 1.5521317 1.6804315 1.6154150 1.3385266 1.3493101 1.3727155 1.4059055 1.5045305 1.5045305 1.5207966 1.4477160 1.4477160 1.4385141 1.4385141 2.2662056 2.2795435 2.2931008 2.3148551 2.3717718 2.3912767 2.3723685 2.3461188 2.3420297 2.3373298 2.3447597 2.3062959 2.1066501 2.1031753 2.1690610 2.1269195 2.0574124 2.1261862 2.2725040 2.2190738 2.3073314 
Influenza_A_virus_A/Brazil/11/1978_H1N1                                    0.1629340 0.2068140 0.2125597 0.2219783 0.2244232 0.2358741 0.2730236 0.1146830 0.0623965 0.0000000 0.1049210 0.6736719 0.7206276 0.7329226 0.7056627 0.6932599 0.6791908 0.7416632 0.7443022 0.7565330 0.9074296 0.9038270 0.9120508 0.8943673 1.1607075 1.1837714 1.1676102 1.5013699 1.4284725 1.5145069 1.5382340 1.5445556 1.5564529 1.5540343 1.7190309 1.6459907 1.3196124 1.3328194 1.3513882 1.4140841 1.4835746 1.4835746 1.4996996 1.4606941 1.4606941 1.4596333 1.4596333 2.3021183 2.3187132 2.3345635 2.3403284 2.4026298 2.4639453 2.3791256 2.3894078 2.4238662 2.4271085 2.4348452 2.3788848 2.1519859 2.1412162 2.2123573 2.1673624 2.1037868 2.1942392 2.3004698 2.2420301 2.3315647 
Influenza_A_virus_A/swine/Argentina/CIP051-StaFeN2/2010_H1N2               0.2072871 0.2384521 0.2481558 0.2505018 0.2859869 0.2910675 0.3325659 0.1820501 0.1528170 0.1049210 0.0000000 0.7172674 0.7321323 0.7454999 0.7402017 0.7248648 0.7133961 0.7535296 0.7902252 0.8070014 0.9528263 0.9543804 0.9361067 0.9433438 1.2035907 1.2299163 1.2048899 1.5848970 1.5247368 1.5725730 1.5860104 1.5939785 1.6092627 1.6111701 1.7230318 1.6796169 1.3878086 1.3768079 1.3899504 1.4688248 1.4927000 1.4927000 1.5012186 1.5389253 1.5389253 1.5378262 1.5378262 2.3384078 2.3550684 2.3647839 2.3964455 2.5007020 2.5575914 2.4940013 2.4547677 2.4876256 2.5025368 2.5085758 2.4665873 2.2469691 2.2491886 2.2876064 2.2625252 2.1682146 2.2611571 2.3438989 2.2820475 2.3365468 
Influenza_A_virus_A/semi-palmated_sandpiper/Brazil/3/1990_H2N1             0.5926540 0.5695393 0.5887568 0.5669188 0.6543571 0.6368332 0.6906849 0.6437203 0.6815827 0.6736719 0.7172674 0.0000000 0.1138099 0.0995577 0.3789526 0.3862389 0.3934233 0.4376070 0.4120015 0.4241651 0.8937174 0.8943475 0.8919344 0.9389895 1.2101272 1.1788652 1.2287109 1.4364466 1.4223403 1.6093404 1.6204403 1.5466042 1.5461080 1.5526969 1.6271070 1.5892614 1.3602824 1.3697814 1.3518794 1.4376144 1.3690414 1.3690414 1.3780930 1.3901121 1.3901121 1.3891009 1.3891009 2.4339612 2.3885409 2.3606060 2.4939082 2.5652048 2.5057995 2.5648440 2.5986862 2.3866103 2.3615701 2.3719263 2.3106223 2.1625607 2.1762146 2.2824785 2.1845176 2.2094779 2.2407785 2.1725298 2.1679845 2.1988370 
Influenza_A_virus_A/El_Salvador/2/1957_H2N2                                0.6309577 0.5979003 0.6150427 0.6142683 0.7051898 0.6984132 0.7576401 0.6960563 0.7335456 0.7206276 0.7321323 0.1138099 0.0000000 0.0534839 0.4260110 0.4146804 0.4124047 0.4561862 0.4548381 0.4630211 0.8947873 0.8997077 0.8729673 0.9432237 1.2488227 1.2225789 1.2932980 1.4788714 1.5084277 1.6282039 1.6460954 1.5562373 1.5557515 1.5470992 1.6267198 1.5917488 1.3744841 1.3943103 1.3405579 1.4282298 1.3868212 1.3868212 1.4002014 1.3684330 1.3684330 1.3674258 1.3674258 2.4425256 2.4112773 2.3977038 2.5226884 2.5935521 2.5323875 2.5911135 2.6325337 2.4231781 2.4186399 2.4332012 2.3912793 2.2074715 2.2341472 2.3507950 2.2156522 2.2697071 2.2869175 2.2510795 2.2146138 2.2392710 
Influenza_A_virus_A/duck/Nancng/-18/2000_H2N9                              0.6363371 0.6018552 0.6191240 0.6158751 0.6980731 0.6909548 0.7431213 0.6953549 0.7369324 0.7329226 0.7454999 0.0995577 0.0534839 0.0000000 0.3953972 0.4009981 0.3997591 0.4487540 0.4234684 0.4381522 0.8867387 0.8818925 0.8583543 0.9048282 1.2439624 1.1941043 1.2872909 1.4884616 1.5004809 1.6128732 1.6215194 1.5250876 1.5245726 1.5266903 1.6423773 1.5995940 1.3886001 1.4050635 1.3565810 1.4434705 1.3574390 1.3574390 1.3719031 1.3367399 1.3367399 1.3357484 1.3357484 2.4384812 2.4075110 2.3940752 2.5238963 2.5760882 2.5238872 2.5735668 2.6200331 2.3949858 2.3905163 2.4048735 2.3638753 2.1860804 2.2219275 2.3772118 2.2498607 2.2642620 2.3201811 2.2122104 2.2136822 2.2490858 
Influenza_A_virus_A/turkey/England/50-92/91_H5N1                           0.6513643 0.6244917 0.6222000 0.6046975 0.6796915 0.6404744 0.6864216 0.6577968 0.7159098 0.7056627 0.7402017 0.3789526 0.4260110 0.3953972 0.0000000 0.0750180 0.0890539 0.1311672 0.0758239 0.0897111 0.8464377 0.8553788 0.8413352 0.8278974 1.0960149 1.0814223 1.0768974 1.4098196 1.3991778 1.4564783 1.4769666 1.4962315 1.4965789 1.4922021 1.5438104 1.5344482 1.3662687 1.3905463 1.3606409 1.3684434 1.4428032 1.4428032 1.4471803 1.2549544 1.2549544 1.2540081 1.2540081 2.1641035 2.1414338 2.1466986 2.1872350 2.3209699 2.2245628 2.2917487 2.3429813 2.2569427 2.2393646 2.2391744 2.1867044 1.9073335 1.9524446 2.1315234 2.0006353 2.0365483 2.0663330 2.1654767 2.1019609 2.0915336 
Influenza_A_virus_A/mallard_duck/ALB/57/1976_H5N2                          0.6343734 0.6116473 0.6113498 0.5939009 0.6760539 0.6410792 0.6835155 0.6544620 0.7042017 0.6932599 0.7248648 0.3862389 0.4146804 0.4009981 0.0750180 0.0000000 0.0308591 0.0743261 0.1191357 0.1338654 0.7738166 0.7850815 0.7799614 0.8081539 1.0545109 1.0312696 1.0553951 1.3517397 1.3626003 1.4753906 1.5035187 1.4527716 1.4565181 1.4575964 1.5389033 1.5025229 1.3100366 1.3286084 1.3033105 1.3091087 1.3795030 1.3795030 1.3867881 1.1993935 1.1993935 1.1984840 1.1984840 2.1394156 2.1136414 2.1322381 2.1918904 2.2595201 2.1857410 2.2564234 2.3203519 2.2577677 2.2397861 2.2481060 2.1820363 1.8564060 1.9055141 2.0259233 1.9182581 1.9650952 2.0453787 2.1554070 2.0925579 2.0713354 
Influenza_A_virus_A/duck/New_Zealand/1/198_H5N2                            0.6345085 0.6023316 0.5988604 0.5814697 0.6684917 0.6331983 0.6850869 0.6644537 0.6962859 0.6791908 0.7133961 0.3934233 0.4124047 0.3997591 0.0890539 0.0308591 0.0000000 0.0832183 0.1346770 0.1493934 0.7770352 0.7829665 0.7788947 0.8055780 1.0332671 1.0209844 1.0340808 1.3499821 1.3518486 1.4654775 1.4913331 1.4530796 1.4547355 1.4487419 1.5684450 1.5175805 1.3224948 1.3418669 1.3148368 1.3154668 1.3922874 1.3922874 1.3996287 1.1991432 1.1991432 1.1982344 1.1982344 2.1688035 2.1370706 2.1491770 2.2564890 2.2746633 2.2099183 2.2800595 2.3468678 2.3114798 2.2908929 2.2993649 2.2408865 1.9137368 1.9639624 2.0819804 1.9705322 2.0052710 2.1026625 2.1528093 2.0870495 2.0793752 
Influenza_A_virus_A/chicken/Chis/1522/1997_H5N2                            0.6823190 0.6579810 0.6580418 0.6390200 0.7163296 0.6692624 0.7306354 0.7009039 0.7434751 0.7416632 0.7535296 0.4376070 0.4561862 0.4487540 0.1311672 0.0743261 0.0832183 0.0000000 0.1630932 0.1679319 0.8477408 0.8534102 0.8438934 0.8462401 1.0886190 1.0543042 1.0895801 1.4237231 1.4528484 1.5109031 1.5721699 1.4425126 1.4419979 1.4441384 1.5423395 1.5163402 1.3300910 1.3457033 1.3229216 1.3271145 1.3939532 1.3939532 1.4001522 1.2121761 1.2121761 1.2112594 1.2112594 2.2102176 2.1875984 2.2024118 2.2848479 2.2661727 2.2073081 2.2422751 2.3026748 2.3934835 2.3658744 2.3798214 2.3176176 1.9438746 1.9794727 2.1214519 2.0089215 1.9904290 2.1083222 2.2300596 2.1734101 2.1464096 
Influenza_A_virus_A/Viet_Nam/1203/200_H5N1                                 0.6725663 0.6395318 0.6559172 0.6328205 0.6926047 0.6537283 0.7130431 0.6988396 0.7572408 0.7443022 0.7902252 0.4120015 0.4548381 0.4234684 0.0758239 0.1191357 0.1346770 0.1630932 0.0000000 0.0492523 0.8817260 0.8929813 0.8797551 0.8684491 1.0873646 1.0673383 1.0688053 1.4137714 1.3983184 1.4439480 1.4601727 1.5128633 1.5073692 1.5030046 1.5621815 1.5250915 1.3957309 1.4003555 1.3975703 1.4132026 1.4132173 1.4132173 1.4188019 1.2877173 1.2877173 1.2867587 1.2867587 2.2160663 2.1915076 2.2259664 2.2714997 2.3532620 2.2736059 2.3267779 2.3576509 2.3246876 2.3064372 2.2969926 2.2527837 1.9682868 2.0336776 2.1727647 2.0634026 2.0585178 2.1508723 2.2352787 2.1816137 2.1871345 
Influenza_A_virus_A/chicken/Egypt/0891/2008_H5N1                           0.6838119 0.6622979 0.6634479 0.6465768 0.7141616 0.6732635 0.7283052 0.7047654 0.7781333 0.7565330 0.8070014 0.4241651 0.4630211 0.4381522 0.0897111 0.1338654 0.1493934 0.1679319 0.0492523 0.0000000 0.8878898 0.9040287 0.8908658 0.8705335 1.1393722 1.1020994 1.1283094 1.4371477 1.4261771 1.4815117 1.5095551 1.4966122 1.4911883 1.4868224 1.5916514 1.5479454 1.3924766 1.4027775 1.3848571 1.3956411 1.3716668 1.3716668 1.3777641 1.2863591 1.2863591 1.2854021 1.2854021 2.2048458 2.1803397 2.2039657 2.2215362 2.3095707 2.2357568 2.2954688 2.3430333 2.3155276 2.2973171 2.2943714 2.2425538 1.9314113 1.9932826 2.1478653 2.0407759 2.0568026 2.1034042 2.2545184 2.2112170 2.1965783 
Influenza_A_virus_A/gray_teal/Australia/1/1979_H6N1                        0.8694000 0.8250533 0.8320391 0.8276755 0.9373340 0.8678947 0.9667643 0.9328778 0.9026368 0.9074296 0.9528263 0.8937174 0.8947873 0.8867387 0.8464377 0.7738166 0.7770352 0.8477408 0.8817260 0.8878898 0.0000000 0.0543505 0.1038376 0.1665989 1.1319385 1.1485988 1.1736699 1.4961622 1.4682488 1.6395945 1.6593512 1.3370210 1.3475703 1.3794374 1.4653469 1.4147941 1.2852137 1.3151182 1.2652847 1.3447125 1.5696071 1.5696071 1.5967290 1.4710137 1.4710137 1.4554062 1.4554062 2.1147022 2.1120249 2.1650070 2.1965246 2.3103344 2.2709877 2.3091058 2.3448065 2.2896921 2.2747073 2.2686940 2.2623764 2.1112762 2.1043787 2.2079134 2.1308236 2.1674303 2.2304757 2.2097240 2.1556786 2.2032759 
Influenza_A_virus_A/whiskered_tern/Egypt/0/200_H6N2                        0.8706904 0.8259038 0.8211785 0.8273011 0.9253844 0.8604487 0.9564785 0.9342097 0.8957614 0.9038270 0.9543804 0.8943475 0.8997077 0.8818925 0.8553788 0.7850815 0.7829665 0.8534102 0.8929813 0.9040287 0.0543505 0.0000000 0.0996445 0.1416040 1.1380217 1.1468667 1.1722823 1.4997190 1.4833267 1.6426209 1.6781157 1.3531991 1.3598608 1.3865633 1.4658905 1.4215590 1.2833746 1.2910914 1.2337812 1.3406210 1.5627745 1.5627745 1.5899022 1.4546805 1.4546805 1.4392067 1.4392067 2.1296247 2.1339913 2.1796969 2.2003010 2.3263738 2.2991095 2.3385825 2.3649018 2.2887738 2.2730504 2.2597045 2.2680518 2.0933795 2.0623545 2.1645594 2.1081160 2.1206153 2.1957529 2.2181325 2.1763940 2.2071235 
Influenza_A_virus_A/rosy-billed_pocrd/Argentina/CIP051-557/2007_H6N2       0.8728896 0.8160276 0.8237926 0.8317778 0.9251659 0.8464949 0.9413175 0.9255045 0.9199850 0.9120508 0.9361067 0.8919344 0.8729673 0.8583543 0.8413352 0.7799614 0.7788947 0.8438934 0.8797551 0.8908658 0.1038376 0.0996445 0.0000000 0.2057300 1.1244426 1.1398462 1.1671135 1.5271611 1.5047629 1.6467500 1.6884174 1.3494543 1.3530455 1.3733080 1.4562143 1.4221767 1.2782802 1.3127056 1.2730481 1.3554327 1.5648814 1.5648814 1.5941217 1.5163997 1.5163997 1.5004034 1.5004034 2.1292495 2.1068030 2.1502007 2.2047841 2.2856676 2.2733904 2.3325080 2.3771324 2.2741996 2.2597410 2.2552172 2.2310266 2.0994231 2.0410536 2.1274538 2.0571497 2.1268705 2.2101140 2.1602715 2.1153121 2.1305890 
Influenza_A_virus_A/mallard/Ohio/6/1989_H6N8                               0.8765811 0.8752330 0.8767377 0.8630143 0.9340867 0.8711438 0.9307179 0.9159604 0.8890426 0.8943673 0.9433438 0.9389895 0.9432237 0.9048282 0.8278974 0.8081539 0.8055780 0.8462401 0.8684491 0.8705335 0.1665989 0.1416040 0.2057300 0.0000000 1.1373662 1.1538925 1.1724296 1.5236412 1.4956598 1.5929887 1.6196369 1.3888463 1.3957833 1.4170240 1.5401865 1.4679008 1.2878856 1.3009623 1.2698793 1.3672175 1.5852524 1.5852524 1.5935752 1.4704603 1.4704603 1.4553871 1.4553871 2.2226226 2.2151135 2.2261622 2.3058154 2.3400459 2.3255266 2.3457738 2.3953284 2.3659786 2.3631769 2.3396069 2.3274208 2.2511686 2.2437139 2.3391731 2.2737960 2.2752596 2.3555531 2.2658491 2.2111150 2.2439962 
Influenza_A_virus_A/black_duck/Ohio/19/1986_H11N1                          1.1628240 1.1314134 1.1488969 1.1273651 1.1804564 1.1128675 1.2028309 1.1785256 1.1871753 1.1607075 1.2035907 1.2101272 1.2488227 1.2439624 1.0960149 1.0545109 1.0332671 1.0886190 1.0873646 1.1393722 1.1319385 1.1380217 1.1244426 1.1373662 0.0000000 0.0725266 0.0787968 0.9161443 0.9276469 1.0080929 1.0271286 1.4936772 1.5018204 1.5190203 1.3893230 1.3999590 1.2270615 1.2351658 1.2556144 1.2800740 1.7630726 1.7630726 1.7664290 1.7614176 1.7614176 1.7585048 1.7585048 2.2233960 2.1379700 2.2090404 2.3118911 2.3532096 2.3824534 2.4049291 2.3977212 2.1326980 2.1313952 2.1511271 2.1115089 2.0863381 2.1043185 2.1722030 2.1049300 2.0947997 2.1618442 2.0518602 2.0331916 2.1755543 
Influenza_A_virus_A/mallard/Sweden/58/2003_H11N1                           1.1773081 1.1425630 1.1602003 1.1464657 1.1870717 1.1065721 1.2007308 1.1883372 1.2086175 1.1837714 1.2299163 1.1788652 1.2225789 1.1941043 1.0814223 1.0312696 1.0209844 1.0543042 1.0673383 1.1020994 1.1485988 1.1468667 1.1398462 1.1538925 0.0725266 0.0000000 0.1170826 0.8904045 0.9098835 0.9861752 1.0049945 1.4609656 1.4690257 1.4726375 1.3996866 1.4140234 1.2511989 1.2696351 1.2663904 1.2974496 1.7163063 1.7163063 1.7201760 1.7709266 1.7709266 1.7679992 1.7679992 2.1705931 2.0875920 2.1552552 2.2134721 2.2975274 2.3030048 2.3132258 2.3036821 2.0325898 2.0231540 2.0555653 2.0065126 2.0872404 2.1078269 2.1710401 2.1058092 2.0647214 2.1473640 2.0290292 2.0105274 2.1171920 
Influenza_A_virus_A/aquatic_bird/India/NIV-17095/2007_H11N1                1.1970377 1.1714037 1.1808167 1.1481994 1.2134574 1.1403028 1.2282118 1.1755027 1.1944318 1.1676102 1.2048899 1.2287109 1.2932980 1.2872909 1.0768974 1.0553951 1.0340808 1.0895801 1.0688053 1.1283094 1.1736699 1.1722823 1.1671135 1.1724296 0.0787968 0.1170826 0.0000000 0.9189424 0.9187853 1.0318194 1.0512422 1.5148236 1.5129393 1.5256809 1.3757338 1.3926500 1.2814353 1.2846674 1.2923438 1.3344671 1.7319226 1.7319226 1.7358268 1.7276806 1.7276806 1.7248036 1.7248036 2.2759764 2.2084237 2.2948702 2.3627672 2.4634571 2.4663684 2.4642592 2.4970362 2.1621130 2.1608104 2.2027854 2.1648888 2.1127008 2.1400720 2.2394817 2.1558310 2.1055212 2.1998477 2.0586222 2.0401375 2.1837378 
Influenza_A_virus_A/herring_gull/DE/75/1986_H13N2                          1.4305412 1.3767961 1.4005222 1.3806706 1.3484039 1.2752437 1.3139435 1.4878456 1.5252415 1.5013699 1.5848970 1.4364466 1.4788714 1.4884616 1.4098196 1.3517397 1.3499821 1.4237231 1.4137714 1.4371477 1.4961622 1.4997190 1.5271611 1.5236412 0.9161443 0.8904045 0.9189424 0.0000000 0.1293148 0.3136459 0.3182927 1.5245182 1.5333148 1.5324082 1.4449099 1.4203344 1.3379656 1.3676472 1.3192980 1.3565183 1.7388406 1.7388406 1.7528078 1.7176010 1.7176010 1.7164171 1.7164171 2.5351088 2.5190987 2.4923416 2.5868457 2.6532610 2.6158785 2.6486126 2.7266722 2.4501822 2.4251945 2.3965318 2.3210327 2.2926420 2.2913836 2.4918101 2.3970132 2.3708793 2.2835881 2.4013755 2.3553286 2.4527898 
Influenza_A_virus_A/Mongolian_gull/Mongolia/01/2007_H13N6                  1.4382562 1.3918164 1.4125546 1.3780968 1.3597305 1.2998658 1.3237848 1.4495856 1.4662993 1.4284725 1.5247368 1.4223403 1.5084277 1.5004809 1.3991778 1.3626003 1.3518486 1.4528484 1.3983184 1.4261771 1.4682488 1.4833267 1.5047629 1.4956598 0.9276469 0.9098835 0.9187853 0.1293148 0.0000000 0.2886676 0.2955878 1.5712329 1.5841954 1.5726065 1.4970597 1.5248106 1.3711689 1.4005186 1.3709741 1.4122119 1.6668209 1.6668209 1.6817120 1.7316510 1.7316510 1.7304637 1.7304637 2.5864475 2.5175012 2.5097117 2.6186202 2.6583027 2.6082540 2.6215033 2.6746460 2.4512774 2.4279604 2.3981274 2.3595619 2.3647165 2.3331577 2.3930759 2.3695749 2.4247686 2.3039309 2.3894151 2.3708654 2.4867076 
Influenza_A_virus_A/herring_gull/DE/712/1988_H16N3                         1.4883538 1.4686484 1.5061206 1.5042974 1.4507718 1.3800075 1.4319566 1.4803851 1.5414103 1.5145069 1.5725730 1.6093404 1.6282039 1.6128732 1.4564783 1.4753906 1.4654775 1.5109031 1.4439480 1.4815117 1.6395945 1.6426209 1.6467500 1.5929887 1.0080929 0.9861752 1.0318194 0.3136459 0.2886676 0.0000000 0.0347474 1.6121341 1.6256098 1.5857551 1.5959903 1.5625256 1.4564418 1.4774256 1.4537550 1.4350697 1.6947680 1.6947680 1.7052610 1.7225732 1.7225732 1.7196490 1.7196490 2.6296168 2.5297540 2.5555979 2.6251382 2.6371993 2.6003573 2.6038605 2.6559816 2.5542818 2.5478819 2.5211435 2.4632465 2.5162700 2.5159528 2.6593290 2.6508509 2.6259656 2.6337770 2.6063707 2.5636902 2.6632867 
Influenza_A_virus_A/glaucous_gull/Alaska/198-027/2006_H16N3                1.5035431 1.4855524 1.5234091 1.5190163 1.4714891 1.3989349 1.4331830 1.4995232 1.5639917 1.5382340 1.5860104 1.6204403 1.6460954 1.6215194 1.4769666 1.5035187 1.4913331 1.5721699 1.4601727 1.5095551 1.6593512 1.6781157 1.6884174 1.6196369 1.0271286 1.0049945 1.0512422 0.3182927 0.2955878 0.0347474 0.0000000 1.6429244 1.6566284 1.6161115 1.5861154 1.5606017 1.4849410 1.4858643 1.4804169 1.4455572 1.7230035 1.7230035 1.7336506 1.7417405 1.7417405 1.7387843 1.7387843 2.6612482 2.5594604 2.5996546 2.7000893 2.6902594 2.6518657 2.6240888 2.6654522 2.5904370 2.5839651 2.5565455 2.4975504 2.5734283 2.5581947 2.6784018 2.7053602 2.6735889 2.6711244 2.6335829 2.5906899 2.6914019 
Influenza_A_virus_A/turkey/Ontario/6118/1968_H8N                           1.5190645 1.4875995 1.5481231 1.4968416 1.5483543 1.4516782 1.5517864 1.5231118 1.5291583 1.5445556 1.5939785 1.5466042 1.5562373 1.5250876 1.4962315 1.4527716 1.4530796 1.4425126 1.5128633 1.4966122 1.3370210 1.3531991 1.3494543 1.3888463 1.4936772 1.4609656 1.5148236 1.5245182 1.5712329 1.6121341 1.6429244 0.0000000 0.0124730 0.0287677 0.6516254 0.6267255 0.7913784 0.8229571 0.8138570 0.8719980 1.7942204 1.7942204 1.8073977 1.7388504 1.7388504 1.7323667 1.7323667 2.2761146 2.2518715 2.2776160 2.4108265 2.4802817 2.4315564 2.4380483 2.4673007 2.2611907 2.2627401 2.2365837 2.2243751 2.4102004 2.3987987 2.5742100 2.5112869 2.5093488 2.4307420 2.3638925 2.3297188 2.4751986 
Influenza_A_virus_A/mallard/ALB/19/1992_H8N                                1.5256436 1.4881970 1.5487851 1.4974570 1.5546300 1.4578718 1.5580937 1.5407952 1.5408953 1.5564529 1.6092627 1.5461080 1.5557515 1.5245726 1.4965789 1.4565181 1.4547355 1.4419979 1.5073692 1.4911883 1.3475703 1.3598608 1.3530455 1.3957833 1.5018204 1.4690257 1.5129393 1.5333148 1.5841954 1.6256098 1.6566284 0.0124730 0.0000000 0.0214433 0.6571280 0.6376788 0.7939792 0.8256556 0.8165321 0.8744920 1.7907891 1.7907891 1.8039204 1.7402485 1.7402485 1.7337479 1.7337479 2.2904123 2.2658911 2.2918694 2.4259563 2.5263004 2.4610105 2.4789646 2.5086989 2.2549783 2.2686576 2.2304579 2.2194533 2.3954417 2.3767037 2.5861524 2.4960021 2.4966164 2.4245644 2.3450781 2.3110834 2.4577325 
Influenza_A_virus_A/northern_shoveler/Calinia/AKS273/2007_H8N              1.5352398 1.5113230 1.5638652 1.5101778 1.5697599 1.4704439 1.5719044 1.5432440 1.5521317 1.5540343 1.6111701 1.5526969 1.5470992 1.5266903 1.4922021 1.4575964 1.4487419 1.4441384 1.5030046 1.4868224 1.3794374 1.3865633 1.3733080 1.4170240 1.5190203 1.4726375 1.5256809 1.5324082 1.5726065 1.5857551 1.6161115 0.0287677 0.0214433 0.0000000 0.6600412 0.6412852 0.7971809 0.8289040 0.8101989 0.8631458 1.7945936 1.7945936 1.8087501 1.7363107 1.7363107 1.7298269 1.7298269 2.2578861 2.2334702 2.2563132 2.4077184 2.4988606 2.4310570 2.4478824 2.4758296 2.2436744 2.2493301 2.2193035 2.1994850 2.3798200 2.3568351 2.5464708 2.4675035 2.4638884 2.4315164 2.3228656 2.2999169 2.4545565 
Influenza_A_virus_A/northern_shoveler/Mississippi/09OS025/2009_H12N5       1.6476686 1.6440158 1.6946148 1.6478288 1.6875193 1.5807971 1.7465347 1.6707303 1.6804315 1.7190309 1.7230318 1.6271070 1.6267198 1.6423773 1.5438104 1.5389033 1.5684450 1.5423395 1.5621815 1.5916514 1.4653469 1.4658905 1.4562143 1.5401865 1.3893230 1.3996866 1.3757338 1.4449099 1.4970597 1.5959903 1.5861154 0.6516254 0.6571280 0.6600412 0.0000000 0.0680787 0.7819644 0.7918195 0.7904872 0.8253841 1.8687933 1.8687933 1.8751007 1.7917119 1.7917119 1.7909765 1.7909765 2.3886984 2.3327563 2.3789014 2.4337587 2.5503360 2.4789498 2.4588323 2.5020012 2.2953508 2.3076576 2.2485270 2.3197956 2.2775988 2.2648811 2.4315671 2.3524248 2.3535246 2.3365306 2.2949311 2.2713635 2.4618504 
Influenza_A_virus_A/bar_headed_goose/Mongolia/13/2005_H12N3                1.6123599 1.5798765 1.6250304 1.5811341 1.6558980 1.5460497 1.6920975 1.6342526 1.6154150 1.6459907 1.6796169 1.5892614 1.5917488 1.5995940 1.5344482 1.5025229 1.5175805 1.5163402 1.5250915 1.5479454 1.4147941 1.4215590 1.4221767 1.4679008 1.3999590 1.4140234 1.3926500 1.4203344 1.5248106 1.5625256 1.5606017 0.6267255 0.6376788 0.6412852 0.0680787 0.0000000 0.7785590 0.7883927 0.7967725 0.8266469 1.8001945 1.8001945 1.8068192 1.7306514 1.7306514 1.7299295 1.7299295 2.4140438 2.3365233 2.4090809 2.4635360 2.5074678 2.4254590 2.3945798 2.4540361 2.3359289 2.3308400 2.2812124 2.3443849 2.2794035 2.2633940 2.4462349 2.3799547 2.3614048 2.3526246 2.3338811 2.2947749 2.4884380 
Influenza_A_virus_A/mallard/Alberta/11/1991_H9N2                           1.2664312 1.2854047 1.3005875 1.2972801 1.2883125 1.2648731 1.3420683 1.3281148 1.3385266 1.3196124 1.3878086 1.3602824 1.3744841 1.3886001 1.3662687 1.3100366 1.3224948 1.3300910 1.3957309 1.3924766 1.2852137 1.2833746 1.2782802 1.2878856 1.2270615 1.2511989 1.2814353 1.3379656 1.3711689 1.4564418 1.4849410 0.7913784 0.7939792 0.7971809 0.7819644 0.7785590 0.0000000 0.0413371 0.0469768 0.1191408 1.7814591 1.7814591 1.8091977 1.7408675 1.7408675 1.7343405 1.7343405 2.2223682 2.1934060 2.1907217 2.1733300 2.3921160 2.3468200 2.3637111 2.3860203 2.1373812 2.1426922 2.0694313 2.1704721 2.3894283 2.3780616 2.5316357 2.4294005 2.4941144 2.5239769 2.2551422 2.2028666 2.4511442 
Influenza_A_virus_A/ruddy_turnstone/DE/773/1988_H9N6                       1.2782410 1.2976491 1.3204385 1.3143655 1.3169105 1.2932976 1.3451676 1.3306428 1.3493101 1.3328194 1.3768079 1.3697814 1.3943103 1.4050635 1.3905463 1.3286084 1.3418669 1.3457033 1.4003555 1.4027775 1.3151182 1.2910914 1.3127056 1.3009623 1.2351658 1.2696351 1.2846674 1.3676472 1.4005186 1.4774256 1.4858643 0.8229571 0.8256556 0.8289040 0.7918195 0.7883927 0.0413371 0.0000000 0.0585978 0.1339923 1.7794020 1.7794020 1.8103485 1.7541693 1.7541693 1.7476057 1.7476057 2.2739183 2.2342908 2.2276898 2.2379013 2.4234456 2.3478147 2.3712625 2.4122514 2.1764440 2.1965931 2.1276286 2.2126678 2.3567417 2.3608028 2.4859676 2.4028028 2.4674845 2.5045248 2.3033386 2.2522065 2.4975342 
Influenza_A_virus_A/duck/HK/17/1977_H9N6                                   1.2803259 1.2970911 1.3039980 1.3038771 1.3090601 1.2797269 1.3522019 1.3594928 1.3727155 1.3513882 1.3899504 1.3518794 1.3405579 1.3565810 1.3606409 1.3033105 1.3148368 1.3229216 1.3975703 1.3848571 1.2652847 1.2337812 1.2730481 1.2698793 1.2556144 1.2663904 1.2923438 1.3192980 1.3709741 1.4537550 1.4804169 0.8138570 0.8165321 0.8101989 0.7904872 0.7967725 0.0469768 0.0585978 0.0000000 0.1037416 1.8104069 1.8104069 1.8450571 1.7134564 1.7134564 1.7069449 1.7069449 2.2095789 2.1848264 2.1902762 2.1717759 2.3889731 2.3328589 2.3463922 2.3583518 2.1438921 2.1499592 2.0924967 2.1864230 2.3199919 2.3512400 2.5125723 2.3864207 2.4028241 2.4428818 2.2776822 2.2309273 2.4401818 
Influenza_A_virus_A/chicken/Yokoma/aq55/2001_H9N2                          1.3645704 1.3921134 1.3989889 1.3894239 1.4152350 1.3751831 1.4410745 1.4050681 1.4059055 1.4140841 1.4688248 1.4376144 1.4282298 1.4434705 1.3684434 1.3091087 1.3154668 1.3271145 1.4132026 1.3956411 1.3447125 1.3406210 1.3554327 1.3672175 1.2800740 1.2974496 1.3344671 1.3565183 1.4122119 1.4350697 1.4455572 0.8719980 0.8744920 0.8631458 0.8253841 0.8266469 0.1191408 0.1339923 0.1037416 0.0000000 1.8715072 1.8715072 1.9025430 1.7870775 1.7870775 1.7803877 1.7803877 2.3625828 2.3372962 2.3555774 2.2425037 2.4674943 2.4387732 2.4697551 2.5041914 2.2157428 2.2362074 2.1633081 2.2591992 2.4057581 2.4370283 2.5444456 2.5033999 2.5286813 2.4852012 2.4015169 2.3614172 2.5620891 
Influenza_A_virus_A/little_yellow-shouldered_bat/Guatemala/153/2009_H17N10 1.4602420 1.4693570 1.4654654 1.4423574 1.5126096 1.4555307 1.4892395 1.4794325 1.5045305 1.4835746 1.4927000 1.3690414 1.3868212 1.3574390 1.4428032 1.3795030 1.3922874 1.3939532 1.4132173 1.3716668 1.5696071 1.5627745 1.5648814 1.5852524 1.7630726 1.7163063 1.7319226 1.7388406 1.6668209 1.6947680 1.7230035 1.7942204 1.7907891 1.7945936 1.8687933 1.8001945 1.7814591 1.7794020 1.8104069 1.8715072 0.0000000 0.0000010 0.0110894 0.9094714 0.9094714 0.9096772 0.9096772 2.9423194 2.9432076 2.9437570 2.9989764 3.1155716 3.0114765 3.0708153 3.0545215 2.8927752 2.8739406 2.8605926 2.9002678 2.8951977 2.8230572 2.6909452 2.7141983 2.7729487 2.8767699 3.1108472 3.0938151 3.1600736 
Influenza_A_virus_A/little_yellow-shouldered_bat/Guatemala/16/2009_H17N10  1.4602420 1.4693570 1.4654654 1.4423574 1.5126096 1.4555307 1.4892395 1.4794325 1.5045305 1.4835746 1.4927000 1.3690414 1.3868212 1.3574390 1.4428032 1.3795030 1.3922874 1.3939532 1.4132173 1.3716668 1.5696071 1.5627745 1.5648814 1.5852524 1.7630726 1.7163063 1.7319226 1.7388406 1.6668209 1.6947680 1.7230035 1.7942204 1.7907891 1.7945936 1.8687933 1.8001945 1.7814591 1.7794020 1.8104069 1.8715072 0.0000010 0.0000000 0.0110894 0.9094714 0.9094714 0.9096772 0.9096772 2.9423194 2.9432076 2.9437570 2.9989764 3.1155716 3.0114765 3.0708153 3.0545215 2.8927752 2.8739406 2.8605926 2.9002678 2.8951977 2.8230572 2.6909452 2.7141983 2.7729487 2.8767699 3.1108472 3.0938151 3.1600736 
Influenza_A_virus_A/little_yellow-shouldered_bat/Guatemala/060/2010_H17N10 1.4765515 1.4855584 1.4816212 1.4624057 1.5266546 1.4736286 1.5163181 1.4953357 1.5207966 1.4996996 1.5012186 1.3780930 1.4002014 1.3719031 1.4471803 1.3867881 1.3996287 1.4001522 1.4188019 1.3777641 1.5967290 1.5899022 1.5941217 1.5935752 1.7664290 1.7201760 1.7358268 1.7528078 1.6817120 1.7052610 1.7336506 1.8073977 1.8039204 1.8087501 1.8751007 1.8068192 1.8091977 1.8103485 1.8450571 1.9025430 0.0110894 0.0110894 0.0000000 0.9119519 0.9119519 0.9121598 0.9121598 2.9367570 2.9110838 2.9115797 2.9963198 3.1061894 2.9859430 3.0445884 3.0284005 2.8668889 2.8481698 2.8467508 2.8787730 2.8634806 2.8045458 2.6667625 2.6975126 2.7423513 2.8594071 3.0979015 3.0809481 3.1604644 
Influenza_A_virus_A/dark_fruit-eating_bat/Bolivia/PBV780-781/2011_H18N11   1.4219053 1.4325470 1.4505631 1.4472891 1.4651830 1.4227374 1.4581937 1.4379464 1.4477160 1.4606941 1.5389253 1.3901121 1.3684330 1.3367399 1.2549544 1.1993935 1.1991432 1.2121761 1.2877173 1.2863591 1.4710137 1.4546805 1.5163997 1.4704603 1.7614176 1.7709266 1.7276806 1.7176010 1.7316510 1.7225732 1.7417405 1.7388504 1.7402485 1.7363107 1.7917119 1.7306514 1.7408675 1.7541693 1.7134564 1.7870775 0.9094714 0.9094714 0.9119519 0.0000000 0.0000010 0.0035538 0.0035538 2.8844786 2.8725977 2.8676144 2.9312650 2.8892911 2.8607681 2.7370118 2.9378908 2.7682291 2.7683299 2.7657569 2.6877931 2.5320582 2.4838282 2.4470505 2.4036594 2.3946587 2.4418332 2.8637706 2.8466488 2.9277263 
Influenza_A_virus_A/flat-faced_bat/Peru/033/2010_H18N11                    1.4219053 1.4325470 1.4505631 1.4472891 1.4651830 1.4227374 1.4581937 1.4379464 1.4477160 1.4606941 1.5389253 1.3901121 1.3684330 1.3367399 1.2549544 1.1993935 1.1991432 1.2121761 1.2877173 1.2863591 1.4710137 1.4546805 1.5163997 1.4704603 1.7614176 1.7709266 1.7276806 1.7176010 1.7316510 1.7225732 1.7417405 1.7388504 1.7402485 1.7363107 1.7917119 1.7306514 1.7408675 1.7541693 1.7134564 1.7870775 0.9094714 0.9094714 0.9119519 0.0000010 0.0000000 0.0035538 0.0035538 2.8844786 2.8725977 2.8676144 2.9312650 2.8892911 2.8607681 2.7370118 2.9378908 2.7682291 2.7683299 2.7657569 2.6877931 2.5320582 2.4838282 2.4470505 2.4036594 2.3946587 2.4418332 2.8637706 2.8466488 2.9277263 
Influenza_A_virus_A/Artibeus_lituratus/Brazil/2301/2012_H18N11             1.4208633 1.4314996 1.4495070 1.4462222 1.4641274 1.4216832 1.4571414 1.4368977 1.4385141 1.4596333 1.5378262 1.3891009 1.3674258 1.3357484 1.2540081 1.1984840 1.1982344 1.2112594 1.2867587 1.2854021 1.4554062 1.4392067 1.5004034 1.4553871 1.7585048 1.7679992 1.7248036 1.7164171 1.7304637 1.7196490 1.7387843 1.7323667 1.7337479 1.7298269 1.7909765 1.7299295 1.7343405 1.7476057 1.7069449 1.7803877 0.9096772 0.9096772 0.9121598 0.0035538 0.0035538 0.0000000 0.0000010 2.8737289 2.8619092 2.8569586 2.9203650 2.8663387 2.8380482 2.7152685 2.9145709 2.7660290 2.7661302 2.7635657 2.6856833 2.5430603 2.4946060 2.4578118 2.4140342 2.4050896 2.4405864 2.8619609 2.8448520 2.9286156 
Influenza_A_virus_A/Artibeus_lituratus/Brazil/23/2012_H18N11               1.4208633 1.4314996 1.4495070 1.4462222 1.4641274 1.4216832 1.4571414 1.4368977 1.4385141 1.4596333 1.5378262 1.3891009 1.3674258 1.3357484 1.2540081 1.1984840 1.1982344 1.2112594 1.2867587 1.2854021 1.4554062 1.4392067 1.5004034 1.4553871 1.7585048 1.7679992 1.7248036 1.7164171 1.7304637 1.7196490 1.7387843 1.7323667 1.7337479 1.7298269 1.7909765 1.7299295 1.7343405 1.7476057 1.7069449 1.7803877 0.9096772 0.9096772 0.9121598 0.0035538 0.0035538 0.0000010 0.0000000 2.8737289 2.8619092 2.8569586 2.9203650 2.8663387 2.8380482 2.7152685 2.9145709 2.7660290 2.7661302 2.7635657 2.6856833 2.5430603 2.4946060 2.4578118 2.4140342 2.4050896 2.4405864 2.8619609 2.8448520 2.9286156 
Influenza_A_virus_A/mallard_duck/ALB/26/1976_H3N1                          2.0893752 2.1142255 2.1555991 2.0856151 2.1416784 2.0475427 2.1140932 2.2563481 2.2662056 2.3021183 2.3384078 2.4339612 2.4425256 2.4384812 2.1641035 2.1394156 2.1688035 2.2102176 2.2160663 2.2048458 2.1147022 2.1296247 2.1292495 2.2226226 2.2233960 2.1705931 2.2759764 2.5351088 2.5864475 2.6296168 2.6612482 2.2761146 2.2904123 2.2578861 2.3886984 2.4140438 2.2223682 2.2739183 2.2095789 2.3625828 2.9423194 2.9423194 2.9367570 2.8844786 2.8844786 2.8737289 2.8737289 0.0000000 0.0480842 0.0494752 0.1481631 0.2083605 0.1584184 0.1831540 0.1999179 0.6127802 0.6123011 0.6268867 0.6336492 1.5380381 1.5684320 1.6145473 1.5576002 1.6433086 1.5356785 1.5144352 1.4982516 1.5544887 
Influenza_A_virus_A/black_duck/Perth/699/1978_H3N8                         2.1044012 2.1013980 2.1452167 2.0714482 2.1320519 2.0119019 2.1315939 2.2819205 2.2795435 2.3187132 2.3550684 2.3885409 2.4112773 2.4075110 2.1414338 2.1136414 2.1370706 2.1875984 2.1915076 2.1803397 2.1120249 2.1339913 2.1068030 2.2151135 2.1379700 2.0875920 2.2084237 2.5190987 2.5175012 2.5297540 2.5594604 2.2518715 2.2658911 2.2334702 2.3327563 2.3365233 2.1934060 2.2342908 2.1848264 2.3372962 2.9432076 2.9432076 2.9110838 2.8725977 2.8725977 2.8619092 2.8619092 0.0480842 0.0000000 0.0524922 0.1632595 0.2012932 0.1511650 0.1746854 0.2012633 0.6171430 0.6221621 0.6292466 0.6403443 1.5437436 1.5670836 1.6337557 1.5511220 1.6719014 1.5823984 1.5115414 1.4801262 1.5537821 
Influenza_A_virus_A/mallard/Netherlands/2/1999_H3N5                        2.0935675 2.1228874 2.1520719 2.0783219 2.1281955 2.0173974 2.1395448 2.2868567 2.2931008 2.3345635 2.3647839 2.3606060 2.3977038 2.3940752 2.1466986 2.1322381 2.1491770 2.2024118 2.2259664 2.2039657 2.1650070 2.1796969 2.1502007 2.2261622 2.2090404 2.1552552 2.2948702 2.4923416 2.5097117 2.5555979 2.5996546 2.2776160 2.2918694 2.2563132 2.3789014 2.4090809 2.1907217 2.2276898 2.1902762 2.3555774 2.9437570 2.9437570 2.9115797 2.8676144 2.8676144 2.8569586 2.8569586 0.0494752 0.0524922 0.0000000 0.1602778 0.2020401 0.1476855 0.1710987 0.1877335 0.6002639 0.6000041 0.6157601 0.6186406 1.5488044 1.5709158 1.6008364 1.5496647 1.6493965 1.5593605 1.4860261 1.4716372 1.5424925 
Influenza_A_virus_A/equine/Sao_Paulo/6/1963_H3N8                           2.1351977 2.1651221 2.2027168 2.1735200 2.1409314 2.0753428 2.0940344 2.2740194 2.3148551 2.3403284 2.3964455 2.4939082 2.5226884 2.5238963 2.1872350 2.1918904 2.2564890 2.2848479 2.2714997 2.2215362 2.1965246 2.2003010 2.2047841 2.3058154 2.3118911 2.2134721 2.3627672 2.5868457 2.6186202 2.6251382 2.7000893 2.4108265 2.4259563 2.4077184 2.4337587 2.4635360 2.1733300 2.2379013 2.1717759 2.2425037 2.9989764 2.9989764 2.9963198 2.9312650 2.9312650 2.9203650 2.9203650 0.1481631 0.1632595 0.1602778 0.0000000 0.2635181 0.2268805 0.2531453 0.2716083 0.6246148 0.6301998 0.6342213 0.6597572 1.5474784 1.5741487 1.6346313 1.5869987 1.6509938 1.5524242 1.5785492 1.5567095 1.5958290 
Influenza_A_virus_A/swine/Korea/PZ72-1/2006_H3N1                           2.2110559 2.2836018 2.3127045 2.2718346 2.2395249 2.1070918 2.1368937 2.4021291 2.3717718 2.4026298 2.5007020 2.5652048 2.5935521 2.5760882 2.3209699 2.2595201 2.2746633 2.2661727 2.3532620 2.3095707 2.3103344 2.3263738 2.2856676 2.3400459 2.3532096 2.2975274 2.4634571 2.6532610 2.6583027 2.6371993 2.6902594 2.4802817 2.5263004 2.4988606 2.5503360 2.5074678 2.3921160 2.4234456 2.3889731 2.4674943 3.1155716 3.1155716 3.1061894 2.8892911 2.8892911 2.8663387 2.8663387 0.2083605 0.2012932 0.2020401 0.2635181 0.0000000 0.0790938 0.0737378 0.1196630 0.7136592 0.7165774 0.7350759 0.7074491 1.6456838 1.6741407 1.6653681 1.6695939 1.7349989 1.6567633 1.6466219 1.6304236 1.7058826 
