68
Influenza_A_virus_A/South_Carolina/1/18_H1N1                               0.0000000 0.0093974 0.0175846 0.0107669 0.0107669 0.0121461 0.0107785 0.0094059 0.0135637 0.0121747 0.0203174 0.0094059 0.0121280 0.0121412 0.0107668 0.0094346 0.0220877 0.0093990 0.0107571 0.0093990 0.0149801 0.0094161 0.0121984 0.0149123 0.0136345 0.0135490 0.0121962 0.0148401 0.0134752 0.0294916 0.0120990 0.0393535 0.0409015 0.0264589 0.0280067 0.0343066 0.0134972 0.0108403 0.0121868 0.0121382 0.0135494 0.0380319 0.0149736 0.0135919 0.0206000 0.0177663 0.0203564 0.0190073 0.0149431 0.0135822 0.0234604 0.0135567 0.0413732 0.0512999 0.0277379 0.0148059 0.0248061 0.0233431 0.0274655 0.0366287 0.5752054 0.5752054 0.5796231 0.5591399 0.5527085 0.5545617 0.5564870 0.5646977 
Influenza_A_virus_A/chicken/Egypt/0891/2008_H5N1                           0.0093974 0.0000000 0.0105544 0.0223035 0.0327092 0.0079723 0.0235961 0.0196391 0.0183745 0.0197105 0.0129612 0.0195241 0.0222827 0.0249226 0.0224382 0.0185212 0.0148095 0.0171858 0.0184356 0.0171867 0.0236466 0.0224314 0.0236351 0.0248142 0.0264142 0.0223290 0.0225302 0.0207188 0.0299234 0.0217403 0.0351931 0.0315554 0.0330441 0.0411894 0.0204834 0.0609830 0.0378240 0.0357049 0.0371340 0.0357458 0.0297372 0.0331258 0.0237180 0.0357087 0.0298070 0.0412287 0.0419709 0.0314799 0.0357818 0.0372124 0.0260853 0.0535473 0.0792451 0.0545894 0.0512651 0.0798206 0.0707052 0.0741142 0.0668721 0.0799319 0.5629842 0.5629842 0.5673881 0.5374033 0.5341731 0.5355396 0.5374568 0.5459749 
Influenza_A_virus_A/turkey/England/50-92/91_H5N1                           0.0175846 0.0105544 0.0000000 0.0065626 0.0065626 0.0078967 0.0092401 0.0078867 0.0119399 0.0105852 0.0184949 0.0078867 0.0105456 0.0078938 0.0092158 0.0105955 0.0202834 0.0078933 0.0092221 0.0078933 0.0106907 0.0105750 0.0106224 0.0131300 0.0147335 0.0079137 0.0119889 0.0159062 0.0146134 0.0261112 0.0105212 0.0371745 0.0386853 0.0273443 0.0288678 0.0384622 0.0092571 0.0119635 0.0105955 0.0105544 0.0119277 0.0416218 0.0133131 0.0092919 0.0155269 0.0160393 0.0132652 0.0119011 0.0133081 0.0147611 0.0188647 0.0175491 0.0528920 0.0634843 0.0120851 0.0333783 0.0344159 0.0395473 0.0256994 0.0317929 0.5689140 0.5689140 0.5733613 0.5392970 0.5360037 0.5373977 0.5393465 0.5480132 
Influenza_A_virus_A/ruddy_turnstone/DE/773/1988_H9N6                       0.0107669 0.0223035 0.0065626 0.0000000 0.0301136 0.0066264 0.0209359 0.0146288 0.0134042 0.0134183 0.0115577 0.0223303 0.0120842 0.0071779 0.0121360 0.0159770 0.0161945 0.0249753 0.0262520 0.0249777 0.0316347 0.0236832 0.0263559 0.0172420 0.0263951 0.0223476 0.0174701 0.0258691 0.0233972 0.0218078 0.0327977 0.0301797 0.0316643 0.0527611 0.0219005 0.0718132 0.0354903 0.0351615 0.0374062 0.0372501 0.0299444 0.0345777 0.0197872 0.0331399 0.0300756 0.0388018 0.0343465 0.0234907 0.0249763 0.0330289 0.0274101 0.0500278 0.0785157 0.0561337 0.0517459 0.0730600 0.0657236 0.0691315 0.0561456 0.0663529 0.5587236 0.5587236 0.5631259 0.5385922 0.5353550 0.5367250 0.5386427 0.5471688 
Influenza_A_virus_A/chicken/Rostock/5/193_H7N1                             0.0107669 0.0327092 0.0065626 0.0301136 0.0000000 0.0013068 0.0289856 0.0276235 0.0314285 0.0301648 0.0115577 0.0329569 0.0327151 0.0356765 0.0387123 0.0342518 0.0134574 0.0315998 0.0328965 0.0316039 0.0355348 0.0342322 0.0372995 0.0324115 0.0370889 0.0327994 0.0361258 0.0378193 0.0435970 0.0218078 0.0222219 0.0329974 0.0344935 0.0539691 0.0219005 0.0789029 0.0436985 0.0263398 0.0277016 0.0275932 0.0121269 0.0345777 0.0412074 0.0429624 0.0358306 0.0361137 0.0447007 0.0369579 0.0516128 0.0401330 0.0287603 0.0585204 0.0784210 0.0561337 0.0530367 0.0774823 0.0731957 0.0755769 0.0595965 0.0695431 0.5587236 0.5587236 0.5631259 0.5385922 0.5353550 0.5367250 0.5386427 0.5471688 
Influenza_A_virus_A/Mallard_Duck/Alberta/32/83_H12N1                       0.0121461 0.0079723 0.0078967 0.0066264 0.0013068 0.0000000 0.0066438 0.0052888 0.0093559 0.0079955 0.0129699 0.0052888 0.0079655 0.0079741 0.0066261 0.0080034 0.0148437 0.0052932 0.0066309 0.0052932 0.0107559 0.0079879 0.0080242 0.0106903 0.0121515 0.0093612 0.0093944 0.0133627 0.0120516 0.0232820 0.0079471 0.0344645 0.0359695 0.0248404 0.0233335 0.0358054 0.0093113 0.0093747 0.0080034 0.0079723 0.0093463 0.0360563 0.0107325 0.0093899 0.0163376 0.0134753 0.0160654 0.0147295 0.0134545 0.0121051 0.0161573 0.0148888 0.0437438 0.0545078 0.0232686 0.0309072 0.0346718 0.0371128 0.0260017 0.0321810 0.5530285 0.5530285 0.5574250 0.5429390 0.5396733 0.5410575 0.5429786 0.5515397 
Influenza_A_virus_A/mallard/ALB/5/1995_H10N1                               0.0107785 0.0235961 0.0092401 0.0209359 0.0289856 0.0066438 0.0000000 0.0133416 0.0223363 0.0237127 0.0143871 0.0262868 0.0209162 0.0237334 0.0264787 0.0224391 0.0134721 0.0237251 0.0250016 0.0237272 0.0303742 0.0096172 0.0096582 0.0289070 0.0121237 0.0108069 0.0238655 0.0246687 0.0339737 0.0232273 0.0342809 0.0330373 0.0345356 0.0542037 0.0219258 0.0732359 0.0369385 0.0340613 0.0334633 0.0333262 0.0313699 0.0346200 0.0289578 0.0319906 0.0328900 0.0430017 0.0411690 0.0247438 0.0375188 0.0331433 0.0233167 0.0548653 0.0780797 0.0562113 0.0560306 0.0756517 0.0723169 0.0746830 0.0615523 0.0698609 0.5592779 0.5592779 0.5636695 0.5339670 0.5307614 0.5321162 0.5340294 0.5425137 
Influenza_A_virus_A/northern_shoveler/Calinia/AKS273/2007_H8N              0.0094059 0.0196391 0.0078867 0.0146288 0.0276235 0.0052888 0.0133416 0.0000000 0.0133813 0.0146805 0.0101597 0.0170411 0.0120647 0.0171660 0.0172998 0.0159495 0.0148231 0.0196055 0.0208542 0.0196068 0.0260767 0.0158684 0.0184379 0.0170935 0.0211274 0.0222040 0.0160766 0.0231902 0.0220198 0.0203679 0.0247726 0.0315851 0.0330754 0.0496504 0.0205026 0.0683250 0.0298519 0.0323041 0.0316786 0.0315519 0.0247331 0.0331572 0.0197531 0.0328929 0.0258000 0.0359218 0.0366863 0.0261677 0.0329465 0.0276642 0.0233988 0.0529262 0.0771095 0.0546428 0.0487252 0.0747173 0.0670304 0.0689368 0.0682403 0.0756407 0.5607223 0.5607223 0.5651228 0.5404846 0.5372387 0.5386133 0.5405302 0.5490617 
Influenza_A_virus_A/duck/HK/17/1977_H9N6                                   0.0135637 0.0183745 0.0119399 0.0134042 0.0314285 0.0093559 0.0223363 0.0133813 0.0000000 0.0059829 0.0120840 0.0210471 0.0133912 0.0134259 0.0160573 0.0147166 0.0190389 0.0209864 0.0222458 0.0183759 0.0275247 0.0223937 0.0278277 0.0158669 0.0278695 0.0263366 0.0161861 0.0245915 0.0234573 0.0248201 0.0312940 0.0360177 0.0375347 0.0482583 0.0248301 0.0713071 0.0365423 0.0335958 0.0358302 0.0356828 0.0284784 0.0376243 0.0185122 0.0344235 0.0313897 0.0343709 0.0353562 0.0274701 0.0346223 0.0343614 0.0261019 0.0562013 0.0820379 0.0594674 0.0480573 0.0783621 0.0687586 0.0706797 0.0695303 0.0769500 0.5723707 0.5723707 0.5767829 0.5495216 0.5462216 0.5476243 0.5495456 0.5581379 
Influenza_A_virus_A/herring_gull/DE/712/1988_H16N3                         0.0121747 0.0197105 0.0105852 0.0134183 0.0301648 0.0079955 0.0237127 0.0146805 0.0059829 0.0000000 0.0079643 0.0224141 0.0146914 0.0134400 0.0160747 0.0160343 0.0176334 0.0223480 0.0236159 0.0197122 0.0289415 0.0237751 0.0292641 0.0146407 0.0293083 0.0277517 0.0175335 0.0259671 0.0221392 0.0233401 0.0300370 0.0345491 0.0360581 0.0469531 0.0233902 0.0699679 0.0380207 0.0336110 0.0358470 0.0356995 0.0272342 0.0361453 0.0198602 0.0359102 0.0314733 0.0358554 0.0368318 0.0288843 0.0346690 0.0330827 0.0261279 0.0562970 0.0750879 0.0545222 0.0496536 0.0785486 0.0672280 0.0691652 0.0696613 0.0771076 0.5610391 0.5610391 0.5654249 0.5376618 0.5344276 0.5357959 0.5377147 0.5462417 
Influenza_A_virus_A/glaucous_gull/Alaska/198-027/2006_H16N3                0.0203174 0.0129612 0.0184949 0.0115577 0.0115577 0.0129699 0.0143871 0.0101597 0.0120840 0.0079643 0.0000000 0.0101597 0.0129501 0.0106831 0.0115578 0.0130144 0.0259494 0.0129633 0.0143575 0.0129633 0.0187047 0.0129878 0.0158572 0.0143986 0.0173419 0.0172320 0.0144807 0.0185279 0.0171962 0.0321514 0.0129183 0.0407035 0.0422709 0.0285877 0.0301375 0.0389551 0.0143463 0.0144483 0.0130144 0.0129612 0.0144031 0.0430392 0.0158547 0.0172884 0.0230595 0.0186885 0.0212983 0.0185503 0.0162099 0.0172756 0.0244452 0.0201578 0.0533533 0.0640924 0.0257608 0.0366321 0.0384142 0.0401533 0.0343779 0.0408278 0.5752623 0.5752623 0.5774229 0.5435566 0.5402867 0.5416730 0.5435947 0.5521628 
Influenza_A_virus_A/quail/Italy/1117/1965_H10N8                            0.0094059 0.0195241 0.0078867 0.0223303 0.0329569 0.0052888 0.0262868 0.0170411 0.0210471 0.0224141 0.0101597 0.0000000 0.0171624 0.0249547 0.0224654 0.0184498 0.0148231 0.0246954 0.0259573 0.0246977 0.0259459 0.0288990 0.0261071 0.0221622 0.0289274 0.0273957 0.0239216 0.0233316 0.0171686 0.0203679 0.0299219 0.0315851 0.0330754 0.0490801 0.0205026 0.0675081 0.0405508 0.0351718 0.0344985 0.0343577 0.0299592 0.0331572 0.0197113 0.0275712 0.0281971 0.0414395 0.0288724 0.0368355 0.0356792 0.0384528 0.0288740 0.0499893 0.0766739 0.0546428 0.0570371 0.0708589 0.0626684 0.0659897 0.0644912 0.0718374 0.5607223 0.5607223 0.5651228 0.5404846 0.5372387 0.5386133 0.5405302 0.5490617 
Influenza_A_virus_A/rosy-billed_pocrd/Argentina/CIP051-557/2007_H6N2       0.0121280 0.0222827 0.0105456 0.0120842 0.0327151 0.0079655 0.0209162 0.0120647 0.0133912 0.0146914 0.0129501 0.0171624 0.0000000 0.0171790 0.0173131 0.0159615 0.0175649 0.0222440 0.0235056 0.0222458 0.0288030 0.0209687 0.0235969 0.0171064 0.0263709 0.0248664 0.0174531 0.0233578 0.0195638 0.0232450 0.0325752 0.0344103 0.0359127 0.0527253 0.0232973 0.0745745 0.0378344 0.0352230 0.0345478 0.0344065 0.0325290 0.0359993 0.0197684 0.0331450 0.0312703 0.0415024 0.0369689 0.0259978 0.0329752 0.0330856 0.0259654 0.0528730 0.0798154 0.0576406 0.0530768 0.0746522 0.0705585 0.0724953 0.0713038 0.0783825 0.5669577 0.5669577 0.5713591 0.5383411 0.5351051 0.5364744 0.5383922 0.5469172 
Influenza_A_virus_A/mallard/ALB/7/1998_HN1                                 0.0121412 0.0249226 0.0078938 0.0071779 0.0356765 0.0079741 0.0237334 0.0171660 0.0134259 0.0134400 0.0106831 0.0249547 0.0171790 0.0000000 0.0146487 0.0172875 0.0175837 0.0276291 0.0289146 0.0276321 0.0343549 0.0265572 0.0292866 0.0223530 0.0293309 0.0251905 0.0200855 0.0259883 0.0260050 0.0232704 0.0355163 0.0316199 0.0331123 0.0526365 0.0233221 0.0744175 0.0354525 0.0353316 0.0375861 0.0374283 0.0326207 0.0360355 0.0223899 0.0332225 0.0315705 0.0416252 0.0371390 0.0235743 0.0251513 0.0331856 0.0290458 0.0534502 0.0809717 0.0576916 0.0547007 0.0769455 0.0677412 0.0711832 0.0623342 0.0729129 0.5636273 0.5636273 0.5680264 0.5412949 0.5380416 0.5394197 0.5413386 0.5498825 
Influenza_A_virus_A/turkey/Ontario/6118/1968_H8N                           0.0107668 0.0224382 0.0092158 0.0121360 0.0387123 0.0066261 0.0264787 0.0172998 0.0160573 0.0160747 0.0115578 0.0224654 0.0173131 0.0146487 0.0000000 0.0186901 0.0161950 0.0278641 0.0291625 0.0278672 0.0346617 0.0265994 0.0293369 0.0225353 0.0293814 0.0278193 0.0162347 0.0287282 0.0262209 0.0218096 0.0385319 0.0301446 0.0316275 0.0534363 0.0190881 0.0786225 0.0439613 0.0411050 0.0433646 0.0431755 0.0355675 0.0317067 0.0225730 0.0388872 0.0329345 0.0441153 0.0396732 0.0317210 0.0302908 0.0372941 0.0290771 0.0596347 0.0844660 0.0561514 0.0514506 0.0768045 0.0641301 0.0669521 0.0699910 0.0810157 0.5634155 0.5634155 0.5678233 0.5430044 0.5397424 0.5411251 0.5430438 0.5515951 
Influenza_A_virus_A/mallard_duck/ALB/2/1977_H1N6                           0.0094346 0.0185212 0.0105955 0.0159770 0.0342518 0.0080034 0.0224391 0.0159495 0.0147166 0.0160343 0.0130144 0.0184498 0.0159615 0.0172875 0.0186901 0.0000000 0.0120402 0.0212010 0.0224747 0.0212026 0.0250600 0.0252427 0.0279613 0.0184743 0.0252241 0.0237237 0.0175024 0.0195715 0.0209583 0.0218342 0.0314624 0.0316925 0.0331889 0.0444224 0.0205691 0.0625595 0.0383204 0.0337832 0.0302889 0.0358812 0.0312319 0.0332713 0.0134236 0.0263975 0.0314736 0.0374185 0.0355507 0.0302213 0.0318308 0.0316829 0.0275573 0.0550282 0.0763429 0.0548543 0.0471133 0.0742603 0.0710796 0.0730321 0.0699734 0.0804122 0.5580615 0.5580615 0.5624751 0.5327072 0.5294947 0.5308519 0.5327734 0.5412893 
Influenza_A_virus_A/herring_gull/DE/75/1986_H13N2                          0.0220877 0.0148095 0.0202834 0.0161945 0.0134574 0.0148437 0.0134721 0.0148231 0.0190389 0.0176334 0.0259494 0.0148231 0.0175649 0.0175837 0.0161950 0.0120402 0.0000000 0.0120839 0.0134996 0.0120839 0.0176996 0.0148394 0.0149070 0.0203848 0.0191376 0.0162561 0.0176659 0.0202860 0.0217809 0.0261337 0.0175214 0.0435079 0.0450661 0.0320881 0.0336651 0.0432787 0.0189434 0.0190771 0.0147814 0.0175789 0.0190183 0.0451668 0.0204715 0.0163081 0.0205051 0.0232853 0.0258346 0.0244898 0.0204278 0.0190648 0.0260676 0.0219170 0.0564063 0.0598824 0.0333400 0.0383009 0.0425463 0.0450853 0.0290297 0.0380370 0.5695720 0.5695720 0.5739878 0.5449266 0.5416422 0.5430353 0.5449614 0.5520876 
Influenza_A_virus_A/black_duck/Perth/699/1978_H3N8                         0.0093990 0.0171858 0.0078933 0.0249753 0.0315998 0.0052932 0.0237251 0.0196055 0.0209864 0.0223480 0.0129633 0.0246954 0.0222440 0.0276291 0.0278641 0.0212010 0.0120839 0.0000000 0.0011772 0.0023665 0.0084262 0.0236163 0.0264746 0.0247709 0.0291061 0.0251440 0.0252337 0.0207616 0.0299388 0.0217439 0.0325084 0.0315603 0.0330492 0.0439965 0.0204867 0.0667787 0.0351198 0.0358576 0.0343862 0.0342463 0.0324624 0.0331310 0.0249546 0.0303255 0.0285083 0.0357175 0.0363546 0.0342631 0.0357825 0.0343128 0.0288441 0.0415355 0.0756347 0.0545977 0.0515062 0.0702494 0.0616528 0.0640249 0.0673153 0.0758030 0.5630155 0.5630155 0.5674195 0.5374328 0.5342025 0.5355691 0.5374863 0.5460045 
Influenza_A_virus_A/chicken/Chis/1522/1997_H5N2                            0.0107571 0.0184356 0.0092221 0.0262520 0.0328965 0.0066309 0.0250016 0.0208542 0.0222458 0.0236159 0.0143575 0.0259573 0.0235056 0.0289146 0.0291625 0.0224747 0.0134996 0.0011772 0.0000000 0.0035547 0.0096435 0.0248868 0.0277655 0.0260364 0.0304029 0.0264311 0.0265251 0.0220072 0.0312159 0.0231773 0.0337889 0.0329663 0.0344608 0.0453266 0.0218800 0.0681567 0.0364051 0.0371710 0.0356933 0.0355472 0.0337420 0.0345450 0.0262308 0.0316206 0.0298362 0.0370277 0.0376386 0.0355646 0.0370948 0.0356166 0.0301888 0.0428709 0.0771220 0.0560790 0.0528639 0.0716652 0.0631299 0.0654960 0.0686902 0.0772013 0.5650137 0.5650137 0.5694170 0.5393247 0.5360858 0.5374568 0.5393733 0.5478968 
Influenza_A_virus_A/sooty_tern/Western_Australia/2190/1983_H15N9           0.0093990 0.0171867 0.0078933 0.0249777 0.0316039 0.0052932 0.0237272 0.0196068 0.0183759 0.0197122 0.0129633 0.0246977 0.0222458 0.0276321 0.0278672 0.0212026 0.0120839 0.0023665 0.0035547 0.0000000 0.0109063 0.0236183 0.0264773 0.0247732 0.0291095 0.0251464 0.0252362 0.0207631 0.0299424 0.0217439 0.0325127 0.0315603 0.0330492 0.0440051 0.0204867 0.0667997 0.0351249 0.0358630 0.0343912 0.0342512 0.0324667 0.0331310 0.0249569 0.0303292 0.0299125 0.0356744 0.0363602 0.0342680 0.0357879 0.0343177 0.0274347 0.0444303 0.0739218 0.0545977 0.0496212 0.0702733 0.0611225 0.0634771 0.0673365 0.0758303 0.5630155 0.5630155 0.5674195 0.5374328 0.5342025 0.5355691 0.5374863 0.5460045 
Influenza_A_virus_A/gray_teal/Western_Australia/180/1979_HN                0.0149801 0.0236466 0.0106907 0.0316347 0.0355348 0.0107559 0.0303742 0.0260767 0.0275247 0.0289415 0.0187047 0.0259459 0.0288030 0.0343549 0.0346617 0.0250600 0.0176996 0.0084262 0.0096435 0.0109063 0.0000000 0.0302339 0.0332217 0.0286064 0.0359247 0.0290460 0.0319739 0.0232349 0.0339949 0.0277349 0.0337699 0.0375297 0.0390555 0.0480351 0.0263073 0.0684667 0.0368838 0.0398433 0.0383526 0.0381935 0.0363444 0.0391476 0.0289760 0.0342539 0.0300074 0.0396937 0.0380752 0.0411264 0.0397259 0.0414383 0.0359256 0.0461413 0.0808188 0.0611054 0.0531585 0.0751096 0.0639899 0.0690185 0.0686233 0.0771209 0.5693771 0.5693771 0.5835856 0.5481853 0.5448804 0.5462843 0.5482124 0.5568278 
Influenza_A_virus_A/mallard/Manitoba/23912/2007_HN7                        0.0094161 0.0224314 0.0105750 0.0236832 0.0342322 0.0079879 0.0096172 0.0158684 0.0223937 0.0237751 0.0129878 0.0288990 0.0209687 0.0265572 0.0265994 0.0252427 0.0148394 0.0236163 0.0248868 0.0236183 0.0302339 0.0000000 0.0096928 0.0262136 0.0147201 0.0158333 0.0254226 0.0274664 0.0340736 0.0217870 0.0340836 0.0316231 0.0331155 0.0544020 0.0205261 0.0753138 0.0368254 0.0368165 0.0332673 0.0303852 0.0340361 0.0331975 0.0291304 0.0376692 0.0327850 0.0431441 0.0439122 0.0275507 0.0376363 0.0361521 0.0192403 0.0503572 0.0746933 0.0547180 0.0562403 0.0768845 0.0724596 0.0744117 0.0672748 0.0757535 0.5612715 0.5612715 0.5656623 0.5358551 0.5326410 0.5340001 0.5359126 0.5444021 
Influenza_A_virus_A/mallard/ALB/19/1992_H8N                                0.0121984 0.0236351 0.0106224 0.0263559 0.0372995 0.0080242 0.0096582 0.0184379 0.0278277 0.0292641 0.0158572 0.0261071 0.0235969 0.0292866 0.0293369 0.0279613 0.0149070 0.0264746 0.0277655 0.0264773 0.0332217 0.0096928 0.0000000 0.0317211 0.0147093 0.0133527 0.0294592 0.0301638 0.0368350 0.0247806 0.0397667 0.0346039 0.0361146 0.0574064 0.0234316 0.0768817 0.0425781 0.0427586 0.0390235 0.0388581 0.0397160 0.0362020 0.0346573 0.0378453 0.0314568 0.0491814 0.0498621 0.0302563 0.0375157 0.0385379 0.0261464 0.0565121 0.0798818 0.0579593 0.0626004 0.0789440 0.0758087 0.0796242 0.0696404 0.0783014 0.5611920 0.5611920 0.5655893 0.5372498 0.5340240 0.5353885 0.5373037 0.5458118 
Influenza_A_virus_A/aquatic_bird/India/NIV-17095/2007_H11N1                0.0149123 0.0248142 0.0131300 0.0172420 0.0324115 0.0106903 0.0289070 0.0170935 0.0158669 0.0146407 0.0143986 0.0221622 0.0171064 0.0223530 0.0225353 0.0184743 0.0203848 0.0247709 0.0260364 0.0247732 0.0286064 0.0262136 0.0317211 0.0000000 0.0317872 0.0289003 0.0201422 0.0285717 0.0220981 0.0262151 0.0296899 0.0345226 0.0360304 0.0467335 0.0233721 0.0609660 0.0378305 0.0360948 0.0354156 0.0352720 0.0296464 0.0361175 0.0250091 0.0382384 0.0283283 0.0385466 0.0366683 0.0315048 0.0384922 0.0355406 0.0301333 0.0571254 0.0768209 0.0547155 0.0541393 0.0791122 0.0623213 0.0641987 0.0682054 0.0756015 0.5551147 0.5551147 0.5595438 0.5417185 0.5384430 0.5398306 0.5417613 0.5503602 
Influenza_A_virus_A/equine/Argentina/1/1977_H7N7                           0.0136345 0.0264142 0.0147335 0.0263951 0.0370889 0.0121515 0.0121237 0.0211274 0.0278695 0.0293083 0.0173419 0.0289274 0.0263709 0.0293309 0.0293814 0.0252241 0.0191376 0.0291061 0.0304029 0.0291095 0.0359247 0.0147201 0.0147093 0.0317872 0.0000000 0.0108599 0.0295041 0.0302088 0.0398150 0.0263564 0.0398503 0.0362025 0.0377274 0.0575298 0.0249595 0.0798384 0.0456670 0.0397849 0.0391068 0.0389406 0.0368736 0.0378178 0.0347103 0.0402566 0.0386984 0.0461587 0.0438578 0.0303015 0.0436163 0.0332096 0.0262002 0.0549823 0.0819147 0.0597753 0.0594110 0.0772647 0.0707593 0.0741372 0.0691730 0.0757653 0.5667384 0.5667384 0.5711465 0.5409263 0.5376763 0.5390528 0.5409708 0.5495090 
Influenza_A_virus_A/bar_headed_goose/Mongolia/13/2005_H12N3                0.0135490 0.0223290 0.0079137 0.0223476 0.0327994 0.0093612 0.0108069 0.0222040 0.0263366 0.0277517 0.0172320 0.0273957 0.0248664 0.0251905 0.0278193 0.0237237 0.0162561 0.0251440 0.0264311 0.0251464 0.0290460 0.0158333 0.0133527 0.0289003 0.0108599 0.0000000 0.0279344 0.0260749 0.0381444 0.0261831 0.0407956 0.0331314 0.0346345 0.0527998 0.0247995 0.0747096 0.0438427 0.0387838 0.0373573 0.0372016 0.0351928 0.0375728 0.0330863 0.0332842 0.0329062 0.0470687 0.0424746 0.0261547 0.0391610 0.0370986 0.0260413 0.0562921 0.0813562 0.0593716 0.0531255 0.0785113 0.0752865 0.0791161 0.0643581 0.0727484 0.5652491 0.5652491 0.5696515 0.5365321 0.5332869 0.5346594 0.5365883 0.5451533 
Influenza_A_virus_A/semi-palmated_sandpiper/Brazil/3/1990_H2N1             0.0121962 0.0225302 0.0119889 0.0174701 0.0361258 0.0093944 0.0238655 0.0160766 0.0161861 0.0175335 0.0144807 0.0239216 0.0174531 0.0200855 0.0162347 0.0175024 0.0176659 0.0252337 0.0265251 0.0252362 0.0319739 0.0254226 0.0294592 0.0201422 0.0295041 0.0279344 0.0000000 0.0235901 0.0278207 0.0218026 0.0359605 0.0306148 0.0321206 0.0476616 0.0206221 0.0691068 0.0426987 0.0384602 0.0407312 0.0405555 0.0319582 0.0333650 0.0227577 0.0361557 0.0330929 0.0391736 0.0384215 0.0290744 0.0378705 0.0331605 0.0305951 0.0587102 0.0814138 0.0548978 0.0515896 0.0789011 0.0691539 0.0710867 0.0705655 0.0798684 0.5750774 0.5750774 0.5795293 0.5435947 0.5403148 0.5417054 0.5436329 0.5522241 
Influenza_A_virus_A/El_Salvador/2/1957_H2N2                                0.0148401 0.0207188 0.0159062 0.0258691 0.0378193 0.0133627 0.0246687 0.0231902 0.0245915 0.0259671 0.0185279 0.0233316 0.0233578 0.0259883 0.0287282 0.0195715 0.0202860 0.0207616 0.0220072 0.0207631 0.0232349 0.0274664 0.0301638 0.0285717 0.0302088 0.0260749 0.0235901 0.0000000 0.0258094 0.0274687 0.0363020 0.0343547 0.0358549 0.0480071 0.0232577 0.0665434 0.0363887 0.0343498 0.0357684 0.0356216 0.0360381 0.0359413 0.0233807 0.0286985 0.0379983 0.0395306 0.0379454 0.0325025 0.0368512 0.0354200 0.0328333 0.0559532 0.0756331 0.0574032 0.0551480 0.0763569 0.0732674 0.0752232 0.0680349 0.0764572 0.5663188 0.5663188 0.5707252 0.5446142 0.5413531 0.5427363 0.5446496 0.5480000 
Influenza_A_virus_A/mallard_duck/ALB/26/1976_H3N1                          0.0134752 0.0299234 0.0146134 0.0233972 0.0435970 0.0120516 0.0339737 0.0220198 0.0234573 0.0221392 0.0171962 0.0171686 0.0195638 0.0260050 0.0262209 0.0209583 0.0217809 0.0299388 0.0312159 0.0299424 0.0339949 0.0340736 0.0368350 0.0220981 0.0398150 0.0381444 0.0278207 0.0258094 0.0000000 0.0247788 0.0377836 0.0387992 0.0403236 0.0610966 0.0276121 0.0743064 0.0430924 0.0433959 0.0425999 0.0424184 0.0404902 0.0404171 0.0222391 0.0382195 0.0365913 0.0470619 0.0370664 0.0392218 0.0369323 0.0437952 0.0356488 0.0571753 0.0783317 0.0530588 0.0628925 0.0762313 0.0652649 0.0671793 0.0698181 0.0772912 0.5581721 0.5581721 0.5625738 0.5406940 0.5374484 0.5388229 0.5407392 0.5492682 
Influenza_A_virus_A/mallard/Alberta/11/1991_H9N2                           0.0294916 0.0217403 0.0261112 0.0218078 0.0218078 0.0232820 0.0232273 0.0203679 0.0248201 0.0233401 0.0321514 0.0203679 0.0232450 0.0232704 0.0218096 0.0218342 0.0261337 0.0217439 0.0231773 0.0217439 0.0277349 0.0217870 0.0247806 0.0262151 0.0263564 0.0261831 0.0218026 0.0274687 0.0247788 0.0000000 0.0231829 0.0481307 0.0497302 0.0380083 0.0396499 0.0495426 0.0246879 0.0248716 0.0233643 0.0232629 0.0247915 0.0529657 0.0252418 0.0251833 0.0322789 0.0292784 0.0289846 0.0276251 0.0247718 0.0262538 0.0276087 0.0292590 0.0679646 0.0651492 0.0338129 0.0400812 0.0530292 0.0550470 0.0365040 0.0409931 0.5849781 0.5849781 0.5893738 0.5488453 0.5455813 0.5469683 0.5488705 0.5559175 
Influenza_A_virus_A/mallard/Netherlands/2/1999_H3N5                        0.0120990 0.0351931 0.0105212 0.0327977 0.0222219 0.0079471 0.0342809 0.0247726 0.0312940 0.0300370 0.0129183 0.0299219 0.0325752 0.0355163 0.0385319 0.0314624 0.0175214 0.0325084 0.0337889 0.0325127 0.0337699 0.0340836 0.0397667 0.0296899 0.0398503 0.0407956 0.0359605 0.0363020 0.0377836 0.0231829 0.0000000 0.0343155 0.0358127 0.0536860 0.0232368 0.0753791 0.0350246 0.0253401 0.0248348 0.0233914 0.0170068 0.0358989 0.0356375 0.0466776 0.0366541 0.0397632 0.0361682 0.0424135 0.0468945 0.0412654 0.0388564 0.0483841 0.0805376 0.0574569 0.0554238 0.0693061 0.0630373 0.0648937 0.0605657 0.0704280 0.5607237 0.5607237 0.5651235 0.5404902 0.5372452 0.5386194 0.5405359 0.5490653 
Influenza_A_virus_A/Calinia/0/2009_H1N1                                    0.0393535 0.0315554 0.0371745 0.0301797 0.0329974 0.0344645 0.0330373 0.0315851 0.0360177 0.0345491 0.0407035 0.0315851 0.0344103 0.0316199 0.0301446 0.0316925 0.0435079 0.0315603 0.0329663 0.0315603 0.0375297 0.0316231 0.0346039 0.0345226 0.0362025 0.0331314 0.0306148 0.0343547 0.0387992 0.0481307 0.0343155 0.0000000 0.0013015 0.0198869 0.0216731 0.0334977 0.0329986 0.0360896 0.0345835 0.0344321 0.0328501 0.0257826 0.0351237 0.0332476 0.0402959 0.0351844 0.0369982 0.0386917 0.0346009 0.0360683 0.0464570 0.0390571 0.0699039 0.0765368 0.0479496 0.0514662 0.0562901 0.0561884 0.0434673 0.0522558 0.5966883 0.5966883 0.6011043 0.5635525 0.5602230 0.5616492 0.5635463 0.5720916 
Influenza_A_virus_A/swine/Argentina/CIP051-StaFeN2/2010_H1N2               0.0409015 0.0330441 0.0386853 0.0316643 0.0344935 0.0359695 0.0345356 0.0330754 0.0375347 0.0360581 0.0422709 0.0330754 0.0359127 0.0331123 0.0316275 0.0331889 0.0450661 0.0330492 0.0344608 0.0330492 0.0390555 0.0331155 0.0361146 0.0360304 0.0377274 0.0346345 0.0321206 0.0358549 0.0403236 0.0497302 0.0358127 0.0013015 0.0000000 0.0213320 0.0231112 0.0350169 0.0344951 0.0376098 0.0360941 0.0359348 0.0343388 0.0272374 0.0366730 0.0347571 0.0418287 0.0367165 0.0385006 0.0402127 0.0361128 0.0375878 0.0480311 0.0405937 0.0716314 0.0782783 0.0495289 0.0514376 0.0562592 0.0561576 0.0450247 0.0538571 0.6024644 0.6024644 0.6068755 0.5690423 0.5656928 0.5671328 0.5690256 0.5775744 
Influenza_A_virus_A/New_York/802/1993_H3N2                                 0.0264589 0.0411894 0.0273443 0.0527611 0.0539691 0.0248404 0.0542037 0.0496504 0.0482583 0.0469531 0.0285877 0.0490801 0.0527253 0.0526365 0.0534363 0.0444224 0.0320881 0.0439965 0.0453266 0.0440051 0.0480351 0.0544020 0.0574064 0.0467335 0.0575298 0.0527998 0.0476616 0.0480071 0.0610966 0.0380083 0.0536860 0.0198869 0.0213320 0.0000000 0.0039468 0.0336904 0.0524000 0.0589832 0.0587913 0.0598994 0.0505319 0.0187139 0.0499225 0.0581748 0.0437952 0.0550388 0.0616499 0.0629242 0.0647615 0.0591260 0.0567489 0.0788622 0.0881798 0.0642352 0.0680514 0.0938947 0.0852774 0.0814917 0.0869553 0.0962291 0.5776800 0.5776800 0.5821028 0.5466732 0.5433796 0.5447778 0.5467039 0.5553041 
Influenza_A_virus_A/Panama/2007/1999_H3N2                                  0.0280067 0.0204834 0.0288678 0.0219005 0.0219005 0.0233335 0.0219258 0.0205026 0.0248301 0.0233902 0.0301375 0.0205026 0.0232973 0.0233221 0.0190881 0.0205691 0.0336651 0.0204867 0.0218800 0.0204867 0.0263073 0.0205261 0.0234316 0.0233721 0.0249595 0.0247995 0.0206221 0.0232577 0.0276121 0.0396499 0.0232368 0.0216731 0.0231112 0.0039468 0.0000000 0.0166334 0.0219000 0.0248802 0.0234137 0.0233148 0.0248021 0.0201609 0.0263055 0.0248834 0.0290784 0.0238567 0.0287344 0.0303544 0.0262458 0.0248644 0.0350755 0.0277900 0.0577631 0.0660243 0.0394516 0.0430254 0.0480614 0.0479874 0.0380150 0.0468775 0.5810638 0.5810638 0.5854950 0.5533593 0.5500251 0.5514450 0.5533746 0.5620205 
Influenza_A_virus_A/Managua/10.02/2010_H3N2                                0.0343066 0.0609830 0.0384622 0.0718132 0.0789029 0.0358054 0.0732359 0.0683250 0.0713071 0.0699679 0.0389551 0.0675081 0.0745745 0.0744175 0.0786225 0.0625595 0.0432787 0.0667787 0.0681567 0.0667997 0.0684667 0.0753138 0.0768817 0.0609660 0.0798384 0.0747096 0.0691068 0.0665434 0.0743064 0.0495426 0.0753791 0.0334977 0.0350169 0.0336904 0.0166334 0.0000000 0.0689946 0.0790372 0.0773364 0.0804407 0.0747934 0.0320329 0.0653759 0.0722010 0.0591551 0.0814059 0.0762593 0.0787858 0.0838203 0.0763914 0.0696014 0.0923541 0.0921530 0.0695801 0.0952792 0.1189543 0.0929632 0.0944568 0.1082250 0.1166092 0.5718965 0.5718965 0.5763019 0.5562918 0.5529384 0.5543688 0.5563007 0.5649700 
Influenza_A_virus_A/chicken/Yokoma/aq55/2001_H9N2                          0.0134972 0.0378240 0.0092571 0.0354903 0.0436985 0.0093113 0.0369385 0.0298519 0.0365423 0.0380207 0.0143463 0.0405508 0.0378344 0.0354525 0.0439613 0.0383204 0.0189434 0.0351198 0.0364051 0.0351249 0.0368838 0.0368254 0.0425781 0.0378305 0.0456670 0.0438427 0.0426987 0.0363887 0.0430924 0.0246879 0.0350246 0.0329986 0.0344951 0.0524000 0.0219000 0.0689946 0.0000000 0.0388835 0.0373824 0.0357669 0.0379317 0.0345793 0.0410040 0.0535696 0.0384957 0.0468597 0.0480320 0.0451691 0.0495599 0.0489051 0.0386674 0.0575735 0.0760452 0.0591182 0.0547599 0.0763715 0.0708298 0.0718906 0.0656672 0.0730087 0.5552884 0.5552884 0.5623402 0.5407136 0.5374665 0.5388417 0.5407587 0.5492917 
Influenza_A_virus_A/common_teal/Netherlands/10/2000_H1N1                   0.0108403 0.0357049 0.0119635 0.0351615 0.0263398 0.0093747 0.0340613 0.0323041 0.0335958 0.0336110 0.0144483 0.0351718 0.0352230 0.0353316 0.0411050 0.0337832 0.0190771 0.0358576 0.0371710 0.0358630 0.0398433 0.0368165 0.0427586 0.0360948 0.0397849 0.0387838 0.0384602 0.0343498 0.0433959 0.0248716 0.0253401 0.0360896 0.0376098 0.0589832 0.0248802 0.0790372 0.0388835 0.0000000 0.0148887 0.0160925 0.0209755 0.0376997 0.0408684 0.0440074 0.0378105 0.0393592 0.0417988 0.0404082 0.0529897 0.0439101 0.0393794 0.0592725 0.0884562 0.0595899 0.0561619 0.0759704 0.0688916 0.0708483 0.0663561 0.0767679 0.5743045 0.5743045 0.5787302 0.5512813 0.5475349 0.5445817 0.5465076 0.5594964 
Influenza_A_virus_A/black_duck/Ohio/19/1986_H11N1                          0.0121868 0.0371340 0.0105955 0.0374062 0.0277016 0.0080034 0.0334633 0.0316786 0.0358302 0.0358470 0.0130144 0.0344985 0.0345478 0.0375861 0.0433646 0.0302889 0.0147814 0.0343862 0.0356933 0.0343912 0.0383526 0.0332673 0.0390235 0.0354156 0.0391068 0.0373573 0.0407312 0.0357684 0.0425999 0.0233643 0.0248348 0.0345835 0.0360941 0.0587913 0.0234137 0.0773364 0.0373824 0.0148887 0.0000000 0.0072249 0.0222903 0.0361814 0.0401042 0.0462624 0.0384323 0.0386199 0.0440145 0.0388918 0.0488816 0.0461620 0.0377732 0.0593900 0.0873084 0.0579426 0.0545513 0.0807632 0.0723358 0.0742989 0.0667122 0.0770614 0.5539892 0.5539892 0.5584160 0.5340190 0.5307885 0.5321537 0.5340818 0.5426332 
Influenza_A_virus_A/mallard/Sweden/58/2003_H11N1                           0.0121382 0.0357458 0.0105544 0.0372501 0.0275932 0.0079723 0.0333262 0.0315519 0.0356828 0.0356995 0.0129612 0.0343577 0.0344065 0.0374283 0.0431755 0.0358812 0.0175789 0.0342463 0.0355472 0.0342512 0.0381935 0.0303852 0.0388581 0.0352720 0.0389406 0.0372016 0.0405555 0.0356216 0.0424184 0.0232629 0.0233914 0.0344321 0.0359348 0.0598994 0.0233148 0.0804407 0.0357669 0.0160925 0.0072249 0.0000000 0.0222068 0.0360215 0.0400660 0.0460574 0.0368319 0.0384581 0.0438255 0.0387276 0.0518006 0.0459581 0.0362072 0.0558182 0.0847908 0.0576607 0.0575135 0.0782314 0.0682049 0.0701213 0.0677982 0.0781211 0.5595514 0.5595514 0.5639676 0.5432289 0.5399611 0.5413464 0.5432679 0.5518326 
Influenza_A_virus_A/slaty-backed_gull/Japan/6KS0191/2006_HN8               0.0135494 0.0297372 0.0119277 0.0299444 0.0121269 0.0093463 0.0313699 0.0247331 0.0284784 0.0272342 0.0144031 0.0299592 0.0325290 0.0326207 0.0355675 0.0312319 0.0190183 0.0324624 0.0337420 0.0324667 0.0363444 0.0340361 0.0397160 0.0296464 0.0368736 0.0351928 0.0319582 0.0360381 0.0404902 0.0247915 0.0170068 0.0328501 0.0343388 0.0505319 0.0248021 0.0747934 0.0379317 0.0209755 0.0222903 0.0222068 0.0000000 0.0369050 0.0380334 0.0463273 0.0353312 0.0343144 0.0415073 0.0367432 0.0495271 0.0382684 0.0344087 0.0570504 0.0857422 0.0593890 0.0495869 0.0804644 0.0729111 0.0748528 0.0581335 0.0650784 0.5586055 0.5586055 0.5630137 0.5296259 0.5302308 0.5315822 0.5334930 0.5419637 
Influenza_A_virus_A/swine/Korea/PZ72-1/2006_H3N1                           0.0380319 0.0331258 0.0416218 0.0345777 0.0345777 0.0360563 0.0346200 0.0331572 0.0376243 0.0361453 0.0430392 0.0331572 0.0359993 0.0360355 0.0317067 0.0332713 0.0451668 0.0331310 0.0345450 0.0331310 0.0391476 0.0331975 0.0362020 0.0361175 0.0378178 0.0375728 0.0333650 0.0359413 0.0404171 0.0529657 0.0358989 0.0257826 0.0272374 0.0187139 0.0201609 0.0320329 0.0345793 0.0376997 0.0361814 0.0360215 0.0369050 0.0000000 0.0379001 0.0377077 0.0419244 0.0339149 0.0414214 0.0431627 0.0390627 0.0376776 0.0481355 0.0406882 0.0702031 0.0772778 0.0525491 0.0505821 0.0585027 0.0550758 0.0510941 0.0596057 0.5999641 0.5999641 0.6044905 0.5777107 0.5742091 0.5757237 0.5776777 0.5865400 
Influenza_A_virus_A/gray_teal/Australia/1/1979_H6N1                        0.0149736 0.0237180 0.0133131 0.0197872 0.0412074 0.0107325 0.0289578 0.0197531 0.0185122 0.0198602 0.0158547 0.0197113 0.0197684 0.0223899 0.0225730 0.0134236 0.0204715 0.0249546 0.0262308 0.0249569 0.0289760 0.0291304 0.0346573 0.0250091 0.0347103 0.0330863 0.0227577 0.0233807 0.0222391 0.0252418 0.0356375 0.0351237 0.0366730 0.0499225 0.0263055 0.0653759 0.0410040 0.0408684 0.0401042 0.0400660 0.0380334 0.0379001 0.0000000 0.0329853 0.0356651 0.0445478 0.0368827 0.0341975 0.0385658 0.0413121 0.0317730 0.0562951 0.0771743 0.0613708 0.0544654 0.0817438 0.0728428 0.0748120 0.0770906 0.0818300 0.5734598 0.5734598 0.5778906 0.5488777 0.5455759 0.5469789 0.5489032 0.5575057 
Influenza_A_virus_A/northern_shoveler/Washington/29-700/2006_H10N1         0.0135919 0.0357087 0.0092919 0.0331399 0.0429624 0.0093899 0.0319906 0.0328929 0.0344235 0.0359102 0.0172884 0.0275712 0.0331450 0.0332225 0.0388872 0.0263975 0.0163081 0.0303255 0.0316206 0.0303292 0.0342539 0.0376692 0.0378453 0.0382384 0.0402566 0.0332842 0.0361557 0.0286985 0.0382195 0.0251833 0.0466776 0.0332476 0.0347571 0.0581748 0.0248834 0.0722010 0.0535696 0.0440074 0.0462624 0.0460574 0.0463273 0.0377077 0.0329853 0.0000000 0.0341237 0.0495822 0.0368547 0.0455966 0.0475559 0.0401047 0.0390588 0.0651064 0.0862455 0.0596120 0.0640507 0.0822493 0.0750446 0.0774050 0.0771601 0.0821749 0.5713085 0.5713085 0.5757267 0.5451930 0.5419159 0.5433062 0.5452271 0.5537972 
Influenza_A_virus_A/northern_shoveler/Mississippi/09OS025/2009_H12N5       0.0206000 0.0298070 0.0155269 0.0300756 0.0358306 0.0163376 0.0328900 0.0258000 0.0313897 0.0314733 0.0230595 0.0281971 0.0312703 0.0315705 0.0329345 0.0314736 0.0205051 0.0285083 0.0298362 0.0299125 0.0300074 0.0327850 0.0314568 0.0283283 0.0386984 0.0329062 0.0330929 0.0379983 0.0365913 0.0322789 0.0366541 0.0402959 0.0418287 0.0437952 0.0290784 0.0591551 0.0384957 0.0378105 0.0384323 0.0368319 0.0353312 0.0419244 0.0356651 0.0341237 0.0000000 0.0407499 0.0381407 0.0425721 0.0414506 0.0359670 0.0327740 0.0473019 0.0668929 0.0572770 0.0518156 0.0679765 0.0701295 0.0750510 0.0664921 0.0741034 0.5778438 0.5778438 0.5720660 0.5454846 0.5421762 0.5435799 0.5455183 0.5526909 
Influenza_A_virus_A/duck/Nancng/-18/2000_H2N9                              0.0177663 0.0412287 0.0160393 0.0388018 0.0361137 0.0134753 0.0430017 0.0359218 0.0343709 0.0358554 0.0186885 0.0414395 0.0415024 0.0416252 0.0441153 0.0374185 0.0232853 0.0357175 0.0370277 0.0356744 0.0396937 0.0431441 0.0491814 0.0385466 0.0461587 0.0470687 0.0391736 0.0395306 0.0470619 0.0292784 0.0397632 0.0351844 0.0367165 0.0550388 0.0238567 0.0814059 0.0468597 0.0393592 0.0386199 0.0384581 0.0343144 0.0339149 0.0445478 0.0495822 0.0407499 0.0000000 0.0506099 0.0483886 0.0563621 0.0502176 0.0402238 0.0603661 0.0877638 0.0603771 0.0495229 0.0828295 0.0745075 0.0729689 0.0721384 0.0738356 0.5645688 0.5645688 0.5689615 0.5520285 0.5487288 0.5501331 0.5520466 0.5606149 
Influenza_A_virus_A/mallard_duck/ALB/57/1976_H5N2                          0.0203564 0.0419709 0.0132652 0.0343465 0.0447007 0.0160654 0.0411690 0.0366863 0.0353562 0.0368318 0.0212983 0.0288724 0.0369689 0.0371390 0.0396732 0.0355507 0.0258346 0.0363546 0.0376386 0.0363602 0.0380752 0.0439122 0.0498621 0.0366683 0.0438578 0.0424746 0.0384215 0.0379454 0.0370664 0.0289846 0.0361682 0.0369982 0.0385006 0.0616499 0.0287344 0.0762593 0.0480320 0.0417988 0.0440145 0.0438255 0.0415073 0.0414214 0.0368827 0.0368547 0.0381407 0.0506099 0.0000000 0.0494685 0.0518966 0.0494956 0.0429188 0.0601725 0.0861451 0.0571272 0.0594236 0.0768839 0.0651942 0.0667419 0.0671010 0.0708477 0.5697787 0.5697787 0.5741841 0.5343707 0.5311647 0.5325198 0.5344321 0.5429145 
Influenza_A_virus_A/duck/Mongolia/7/2001_H7N1                              0.0190073 0.0314799 0.0119011 0.0234907 0.0369579 0.0147295 0.0247438 0.0261677 0.0274701 0.0288843 0.0185503 0.0368355 0.0259978 0.0235743 0.0317210 0.0302213 0.0244898 0.0342631 0.0355646 0.0342680 0.0411264 0.0275507 0.0302563 0.0315048 0.0303015 0.0261547 0.0290744 0.0325025 0.0392218 0.0276251 0.0424135 0.0386917 0.0402127 0.0629242 0.0303544 0.0787858 0.0451691 0.0404082 0.0388918 0.0387276 0.0367432 0.0431627 0.0341975 0.0455966 0.0425721 0.0483886 0.0494685 0.0000000 0.0430101 0.0410500 0.0259962 0.0666141 0.0837469 0.0620746 0.0564774 0.0908538 0.0813613 0.0833466 0.0732884 0.0837687 0.5616568 0.5616568 0.5660787 0.5451672 0.5418786 0.5432738 0.5452015 0.5538034 
Influenza_A_virus_A/whiskered_tern/Egypt/0/200_H6N2                        0.0149431 0.0357818 0.0133081 0.0249763 0.0516128 0.0134545 0.0375188 0.0329465 0.0346223 0.0346690 0.0162099 0.0356792 0.0329752 0.0251513 0.0302908 0.0318308 0.0204278 0.0357825 0.0370948 0.0357879 0.0397259 0.0376363 0.0375157 0.0384922 0.0436163 0.0391610 0.0378705 0.0368512 0.0369323 0.0247718 0.0468945 0.0346009 0.0361128 0.0647615 0.0262458 0.0838203 0.0495599 0.0529897 0.0488816 0.0518006 0.0495271 0.0390627 0.0385658 0.0475559 0.0414506 0.0563621 0.0518966 0.0430101 0.0000000 0.0459935 0.0375816 0.0585104 0.0843692 0.0579904 0.0665893 0.0809102 0.0725258 0.0760100 0.0619896 0.0738778 0.5757385 0.5757385 0.5801696 0.5464129 0.5431293 0.5445231 0.5464441 0.5550206 
Influenza_A_virus_A/mallard/Ohio/6/1989_H6N8                               0.0135822 0.0372124 0.0147611 0.0330289 0.0401330 0.0121051 0.0331433 0.0276642 0.0343614 0.0330827 0.0172756 0.0384528 0.0330856 0.0331856 0.0372941 0.0316829 0.0190648 0.0343128 0.0356166 0.0343177 0.0414383 0.0361521 0.0385379 0.0355406 0.0332096 0.0370986 0.0331605 0.0354200 0.0437952 0.0262538 0.0412654 0.0360683 0.0375878 0.0591260 0.0248644 0.0763914 0.0489051 0.0439101 0.0461620 0.0459581 0.0382684 0.0376776 0.0413121 0.0401047 0.0359670 0.0502176 0.0494956 0.0410500 0.0459935 0.0000000 0.0390385 0.0539984 0.0827554 0.0596928 0.0659929 0.0850469 0.0756004 0.0771104 0.0752799 0.0840562 0.5761258 0.5761258 0.5805585 0.5471618 0.5438573 0.5452604 0.5471914 0.5558161 
Influenza_A_virus_A/duck/New_Zealand/1/198_H5N2                            0.0234604 0.0260853 0.0188647 0.0274101 0.0287603 0.0161573 0.0233167 0.0233988 0.0261019 0.0261279 0.0244452 0.0288740 0.0259654 0.0290458 0.0290771 0.0275573 0.0260676 0.0288441 0.0301888 0.0274347 0.0359256 0.0192403 0.0261464 0.0301333 0.0262002 0.0260413 0.0305951 0.0328333 0.0356488 0.0276087 0.0388564 0.0464570 0.0480311 0.0567489 0.0350755 0.0696014 0.0386674 0.0393794 0.0377732 0.0362072 0.0344087 0.0481355 0.0317730 0.0390588 0.0327740 0.0402238 0.0429188 0.0259962 0.0375816 0.0390385 0.0000000 0.0525891 0.0910265 0.0691027 0.0491825 0.0706511 0.0563295 0.0586634 0.0652207 0.0686733 0.5661401 0.5661401 0.5705901 0.5528191 0.5494697 0.5508956 0.5528356 0.5604285 
Influenza_A_virus_A/blue-winged_teal/Guatemala/CIP09-02/2008_H7N9          0.0135567 0.0535473 0.0175491 0.0500278 0.0585204 0.0148888 0.0548653 0.0529262 0.0562013 0.0562970 0.0201578 0.0499893 0.0528730 0.0534502 0.0596347 0.0550282 0.0219170 0.0415355 0.0428709 0.0444303 0.0461413 0.0503572 0.0565121 0.0571254 0.0549823 0.0562921 0.0587102 0.0559532 0.0571753 0.0292590 0.0483841 0.0390571 0.0405937 0.0788622 0.0277900 0.0923541 0.0575735 0.0592725 0.0593900 0.0558182 0.0570504 0.0406882 0.0562951 0.0651064 0.0473019 0.0603661 0.0601725 0.0666141 0.0585104 0.0539984 0.0525891 0.0000000 0.0752895 0.0594229 0.0872459 0.0665801 0.0637940 0.0667721 0.0654652 0.0735937 0.5651151 0.5651151 0.5695100 0.5382670 0.5350326 0.5364012 0.5383183 0.5468399 
