61
Influenza_A_virus_A/South_Carolina/1/18_H1N1                               0.0000000 0.0252533 0.0167564 0.0167564 0.0210405 0.0211411 0.0210646 0.0209947 0.0211117 0.0253679 0.0210448 0.0167875 0.0338577 0.0296036 0.0296036 0.0301225 0.0212248 0.0384189 0.0383726 0.0382903 0.0518335 0.0615725 0.0562342 0.0487764 0.0617701 0.0709090 0.0667797 0.0776029 0.0720984 0.0843185 0.1170123 0.1007449 0.0974483 0.1301744 0.1651475 0.1719171 0.1771605 0.1675557 0.1789885 0.1959720 0.1540201 0.1580127 0.1896980 0.1667033 0.4902018 0.4761943 0.4761943 0.4980581 0.5003875 0.5050261 0.4853172 0.4900528 0.4964653 0.5770232 0.5543524 1.6498827 1.6498827 1.6687148 1.7461577 1.7461577 1.7660914 
Influenza_A_virus_A/duck/Nancng/-18/2000_H2N9                              0.0252533 0.0000000 0.0083491 0.0083491 0.0125806 0.0126415 0.0125947 0.0125526 0.0126225 0.0168539 0.0125834 0.0168286 0.0253094 0.0210743 0.0210743 0.0214515 0.0212766 0.0297797 0.0297406 0.0296792 0.0519458 0.0525902 0.0563535 0.0753699 0.0793489 0.0792687 0.0846650 0.0719204 0.0671739 0.0747594 0.1118798 0.1044099 0.1180273 0.1350090 0.1605828 0.1879964 0.1932225 0.1891372 0.2009406 0.2184416 0.1563836 0.1603783 0.1819949 0.1668818 0.5049496 0.4907182 0.4907182 0.5126702 0.5149719 0.5196504 0.4997205 0.4909310 0.5110024 0.5920879 0.5695400 1.6599284 1.6599284 1.6787297 1.7234900 1.7234900 1.7430504 
Influenza_A_virus_A/duck/Mongolia/7/2001_H7N1                              0.0167564 0.0083491 0.0000000 0.0000010 0.0041731 0.0041935 0.0041776 0.0041636 0.0041867 0.0083864 0.0041741 0.0083740 0.0167955 0.0125852 0.0125852 0.0128153 0.0127038 0.0211724 0.0211428 0.0211009 0.0430919 0.0436266 0.0474785 0.0659102 0.0699583 0.0698831 0.0751789 0.0626820 0.0573143 0.0652023 0.1015783 0.0947557 0.1128808 0.1354412 0.1602404 0.1886138 0.1938550 0.1787210 0.1904240 0.2077886 0.1460521 0.1498758 0.1814370 0.1565652 0.4915778 0.4775486 0.4775486 0.4994217 0.5017486 0.5063909 0.4866608 0.4777544 0.4978218 0.5784237 0.5557670 1.6417566 1.6417566 1.6605166 1.7049856 1.7049856 1.7244490 
Influenza_A_virus_A/mallard/Alberta/11/1991_H9N2                           0.0167564 0.0083491 0.0000010 0.0000000 0.0041731 0.0041935 0.0041776 0.0041636 0.0041867 0.0083864 0.0041741 0.0083740 0.0167955 0.0125852 0.0125852 0.0128153 0.0127038 0.0211724 0.0211428 0.0211009 0.0430919 0.0436266 0.0474785 0.0659102 0.0699583 0.0698831 0.0751789 0.0626820 0.0573143 0.0652023 0.1015783 0.0947557 0.1128808 0.1354412 0.1602404 0.1886138 0.1938550 0.1787210 0.1904240 0.2077886 0.1460521 0.1498758 0.1814370 0.1565652 0.4915778 0.4775486 0.4775486 0.4994217 0.5017486 0.5063909 0.4866608 0.4777544 0.4978218 0.5784237 0.5557670 1.6417566 1.6417566 1.6605166 1.7049856 1.7049856 1.7244490 
Influenza_A_virus_A/Mallard_Duck/Alberta/32/83_H12N1                       0.0210405 0.0125806 0.0041731 0.0041731 0.0000000 0.0084253 0.0083937 0.0083655 0.0084121 0.0126371 0.0083864 0.0126183 0.0210885 0.0168563 0.0168563 0.0145480 0.0170169 0.0255223 0.0254876 0.0254359 0.0476181 0.0391405 0.0430304 0.0708065 0.0748287 0.0747506 0.0801117 0.0674531 0.0623923 0.0701462 0.1063458 0.0991345 0.1183207 0.1407246 0.1659414 0.1946251 0.1999065 0.1844118 0.1904240 0.2081359 0.1516146 0.1555413 0.1870165 0.1619290 0.4996110 0.4854275 0.4854275 0.5073995 0.5097167 0.5143920 0.4944943 0.4856379 0.5057546 0.5868455 0.5642011 1.6426209 1.6426209 1.6613863 1.7058782 1.7058782 1.7253503 
Influenza_A_virus_A/duck/New_Zealand/1/198_H5N2                            0.0211411 0.0126415 0.0041935 0.0041935 0.0084253 0.0000000 0.0084347 0.0084062 0.0084533 0.0126986 0.0084273 0.0126795 0.0211895 0.0169376 0.0169376 0.0172459 0.0170998 0.0256445 0.0256096 0.0255574 0.0478397 0.0484378 0.0522669 0.0711412 0.0751766 0.0750980 0.0804833 0.0677671 0.0627060 0.0704819 0.1032046 0.1002756 0.1188648 0.1417333 0.1668715 0.1954563 0.2007188 0.1851529 0.1969737 0.2145022 0.1522651 0.1562137 0.1754612 0.1628254 0.4907031 0.4767001 0.4767001 0.4985480 0.5008745 0.5055103 0.4858110 0.4769052 0.4969540 0.5774582 0.5548106 1.6510758 1.6510758 1.6698987 1.7146212 1.7146212 1.7341805 
Influenza_A_virus_A/blue-winged_teal/Guatemala/CIP09-02/2008_H7N9          0.0210646 0.0125947 0.0041776 0.0041776 0.0083937 0.0084347 0.0000000 0.0083748 0.0084215 0.0126513 0.0083957 0.0126324 0.0211127 0.0168754 0.0168754 0.0171816 0.0170364 0.0255521 0.0255174 0.0254656 0.0476774 0.0482708 0.0520911 0.0709040 0.0749316 0.0748533 0.0802238 0.0675434 0.0624808 0.0702438 0.0960439 0.0999712 0.1185088 0.1413359 0.1664379 0.1950045 0.2002661 0.1847286 0.1965414 0.2140620 0.1518657 0.1558042 0.1874005 0.1624179 0.5007131 0.4864906 0.4864906 0.5085032 0.5108217 0.5155069 0.4955628 0.4867019 0.5068502 0.5880854 0.5654262 1.6199059 1.6199059 1.6384689 1.6822183 1.6822183 1.7014083 
Influenza_A_virus_A/turkey/Ontario/6118/1968_H8N                           0.0209947 0.0125526 0.0041636 0.0041636 0.0083655 0.0084062 0.0083748 0.0000000 0.0083931 0.0126088 0.0083674 0.0125901 0.0210425 0.0168190 0.0168190 0.0171232 0.0169790 0.0254669 0.0254324 0.0253809 0.0475206 0.0481102 0.0519209 0.0706659 0.0746838 0.0746058 0.0799586 0.0673203 0.0622585 0.0700050 0.1068116 0.0996481 0.1181170 0.1408785 0.1659141 0.1944246 0.1996785 0.1841953 0.1959846 0.2134738 0.1513962 0.1553190 0.1868679 0.1619284 0.4969878 0.4827558 0.4827558 0.5048479 0.5071838 0.5118799 0.4919019 0.4829662 0.5032064 0.5846576 0.5618777 1.6654394 1.6654394 1.6844483 1.7297653 1.7297653 1.7495618 
Influenza_A_virus_A/mallard/Manitoba/23912/2007_HN7                        0.0211117 0.0126225 0.0041867 0.0041867 0.0084121 0.0084533 0.0084215 0.0083931 0.0000000 0.0126793 0.0084141 0.0126603 0.0211600 0.0169129 0.0169129 0.0172205 0.0170747 0.0212877 0.0255752 0.0255231 0.0477894 0.0483867 0.0522152 0.0710865 0.0751236 0.0750450 0.0804323 0.0677129 0.0626475 0.0689702 0.1074845 0.1002395 0.1131839 0.1358038 0.1633509 0.1826433 0.1878705 0.1852981 0.1971584 0.2147514 0.1523190 0.1562784 0.1879739 0.1629058 0.4929117 0.4788211 0.4788211 0.5007671 0.5030985 0.5077588 0.4879489 0.4790281 0.5049968 0.5800797 0.5466031 1.6693079 1.6693079 1.6883896 1.7415707 1.7415707 1.7615356 
Influenza_A_virus_A/mallard/ALB/5/1995_H10N1                               0.0253679 0.0168539 0.0083864 0.0083864 0.0126371 0.0126986 0.0126513 0.0126088 0.0126793 0.0000000 0.0041836 0.0083929 0.0168326 0.0126134 0.0126134 0.0215504 0.0213740 0.0299166 0.0211776 0.0298151 0.0521909 0.0528417 0.0566200 0.0757489 0.0797449 0.0796642 0.0850918 0.0722731 0.0675267 0.0751397 0.1017687 0.1049447 0.1238177 0.1468159 0.1721123 0.1982694 0.2035690 0.1851092 0.1970143 0.2146660 0.1545698 0.1585910 0.1816516 0.1677862 0.4925923 0.4785119 0.4785119 0.4836895 0.4860294 0.4905959 0.4876390 0.4787186 0.4988379 0.5796930 0.5569857 1.6351172 1.6351172 1.6537500 1.6978443 1.6978443 1.7171570 
Influenza_A_virus_A/mallard/Netherlands/2/1999_H3N5                        0.0210448 0.0125834 0.0041741 0.0041741 0.0083864 0.0084273 0.0083957 0.0083674 0.0084141 0.0041836 0.0000000 0.0041775 0.0125683 0.0083711 0.0083711 0.0171654 0.0170205 0.0255272 0.0254926 0.0254409 0.0476255 0.0482175 0.0520335 0.0708158 0.0748381 0.0747600 0.0801215 0.0674621 0.0624016 0.0701556 0.0963739 0.0998362 0.1183338 0.1411159 0.1661666 0.1921603 0.1974527 0.1794712 0.1912247 0.2086634 0.1489298 0.1528478 0.1760420 0.1621676 0.5001468 0.4859222 0.4859222 0.4910897 0.4934202 0.4980157 0.4950057 0.4861334 0.5062971 0.5876074 0.5649130 1.6184763 1.6184763 1.6369940 1.6806195 1.6806195 1.6997585 
Influenza_A_virus_A/bar_headed_goose/Mongolia/13/2005_H12N3                0.0167875 0.0168286 0.0083740 0.0083740 0.0126183 0.0126795 0.0126324 0.0125901 0.0126603 0.0083929 0.0041775 0.0000000 0.0168075 0.0125946 0.0125946 0.0215173 0.0127276 0.0298707 0.0298313 0.0297695 0.0431736 0.0527568 0.0475685 0.0660425 0.0700976 0.0795298 0.0753298 0.0721530 0.0674071 0.0750106 0.1015813 0.0949488 0.1131257 0.1465357 0.1717739 0.1865065 0.1918017 0.1741581 0.1858568 0.2032215 0.1436285 0.1474553 0.1708200 0.1569113 0.4932677 0.4791589 0.4791589 0.4843414 0.4866830 0.4912571 0.4882922 0.4930760 0.4995114 0.5804828 0.5577586 1.6022780 1.6022780 1.6206424 1.6955465 1.6955465 1.7148289 
Influenza_A_virus_A/black_duck/Perth/699/1978_H3N8                         0.0338577 0.0253094 0.0167955 0.0167955 0.0210885 0.0211895 0.0211127 0.0210425 0.0211600 0.0168326 0.0125683 0.0168075 0.0000000 0.0041667 0.0041667 0.0301887 0.0299579 0.0298735 0.0384509 0.0383692 0.0518336 0.0616838 0.0653546 0.0849559 0.0888675 0.0887834 0.0942859 0.0721690 0.0722703 0.0750284 0.1065594 0.1047954 0.1285696 0.1516276 0.1769994 0.2031611 0.2084428 0.1852855 0.1970531 0.2145149 0.1399638 0.1437329 0.1802624 0.1749378 0.4955522 0.4933589 0.4933589 0.4713226 0.4736828 0.4782101 0.4753363 0.4816007 0.5017696 0.5665976 0.5438484 1.6314154 1.6314154 1.6500869 1.6787258 1.6787258 1.6978040 
Influenza_A_virus_A/gray_teal/Australia/1/1979_H6N1                        0.0296036 0.0210743 0.0125852 0.0125852 0.0168563 0.0169376 0.0168754 0.0168190 0.0169129 0.0126134 0.0083711 0.0125946 0.0041667 0.0000000 0.0000010 0.0258619 0.0256573 0.0341973 0.0341537 0.0340815 0.0474839 0.0572470 0.0609706 0.0803316 0.0842843 0.0842018 0.0896649 0.0767629 0.0674222 0.0797754 0.1016146 0.1095499 0.1236361 0.1466030 0.1718658 0.1979936 0.2032887 0.1804173 0.1921541 0.2095789 0.1450137 0.1488626 0.1755051 0.1700489 0.5017051 0.4994217 0.4994217 0.4773285 0.4796781 0.4842231 0.4813096 0.4876530 0.5078396 0.5729364 0.5502117 1.6367389 1.6367389 1.6554392 1.6841549 1.6841549 1.7032789 
Influenza_A_virus_A/gray_teal/Western_Australia/180/1979_HN                0.0296036 0.0210743 0.0125852 0.0125852 0.0168563 0.0169376 0.0168754 0.0168190 0.0169129 0.0126134 0.0083711 0.0125946 0.0041667 0.0000010 0.0000000 0.0258619 0.0256573 0.0341973 0.0341537 0.0340815 0.0474839 0.0572470 0.0609706 0.0803316 0.0842843 0.0842018 0.0896649 0.0767629 0.0674222 0.0797754 0.1016146 0.1095499 0.1236361 0.1466030 0.1718658 0.1979936 0.2032887 0.1804173 0.1921541 0.2095789 0.1450137 0.1488626 0.1755051 0.1700489 0.5017051 0.4994217 0.4994217 0.4773285 0.4796781 0.4842231 0.4813096 0.4876530 0.5078396 0.5729364 0.5502117 1.6367389 1.6367389 1.6554392 1.6841549 1.6841549 1.7032789 
Influenza_A_virus_A/whiskered_tern/Egypt/0/200_H6N2                        0.0301225 0.0214515 0.0128153 0.0128153 0.0145480 0.0172459 0.0171816 0.0171232 0.0172205 0.0215504 0.0171654 0.0215173 0.0301887 0.0258619 0.0258619 0.0000000 0.0261172 0.0347953 0.0347505 0.0346758 0.0547277 0.0570067 0.0608532 0.0816816 0.0833227 0.0832380 0.0888581 0.0662868 0.0736327 0.0811329 0.1042576 0.0937256 0.1307690 0.1414946 0.1671208 0.1962129 0.2015618 0.1966060 0.2031964 0.2237007 0.1645039 0.1686824 0.1781129 0.1530937 0.5011011 0.4868679 0.4868679 0.5088899 0.5112084 0.5158960 0.4959400 0.4808340 0.5072345 0.5884995 0.5734011 1.6864416 1.6864416 1.7054777 1.7673837 1.7673837 1.7875943 
Influenza_A_virus_A/northern_shoveler/Calinia/AKS273/2007_H8N              0.0212248 0.0212766 0.0127038 0.0127038 0.0170169 0.0170998 0.0170364 0.0169790 0.0170747 0.0213740 0.0170205 0.0127276 0.0299579 0.0256573 0.0256573 0.0261172 0.0000000 0.0345366 0.0344922 0.0344185 0.0480587 0.0533738 0.0481123 0.0715157 0.0755738 0.0851398 0.0809193 0.0776020 0.0579068 0.0708562 0.1081904 0.0961462 0.1196280 0.1536600 0.1733947 0.1795002 0.1848064 0.1864955 0.1984368 0.2161474 0.1533100 0.1573104 0.1834640 0.1639595 0.4634901 0.4500634 0.4500634 0.4714823 0.4774587 0.4783362 0.4628378 0.4637021 0.4700490 0.5525093 0.5298790 1.6144357 1.6144357 1.6329622 1.6611169 1.6611169 1.6800049 
Influenza_A_virus_A/quail/Italy/1117/1965_H10N8                            0.0384189 0.0297797 0.0211724 0.0211724 0.0255223 0.0256445 0.0255521 0.0254669 0.0212877 0.0299166 0.0255272 0.0298707 0.0298735 0.0341973 0.0341973 0.0347953 0.0345366 0.0000000 0.0430978 0.0430036 0.0658675 0.0666937 0.0703377 0.0904073 0.0943103 0.0942238 0.0998305 0.0773869 0.0828276 0.0797962 0.1286141 0.1105200 0.1340639 0.1573087 0.1858995 0.2126408 0.2179194 0.2044890 0.2166404 0.2346316 0.1636240 0.1677908 0.2070077 0.1817062 0.5067807 0.4924410 0.4924410 0.5145270 0.5168378 0.5215469 0.5014795 0.4926558 0.5198544 0.5944117 0.5754201 1.6753252 1.6753252 1.6945151 1.7323748 1.7323748 1.7523351 
Influenza_A_virus_A/ruddy_turnstone/DE/773/1988_H9N6                       0.0383726 0.0297406 0.0211428 0.0211428 0.0254876 0.0256096 0.0255174 0.0254324 0.0255752 0.0211776 0.0254926 0.0298313 0.0384509 0.0341537 0.0341537 0.0347505 0.0344922 0.0430978 0.0000000 0.0429523 0.0569089 0.0571325 0.0608526 0.0838808 0.0877595 0.0876767 0.0931109 0.0766222 0.0675810 0.0799012 0.1235379 0.1093792 0.1349215 0.1465172 0.1602272 0.1886357 0.1938843 0.1863831 0.1980974 0.2154680 0.1678693 0.1720832 0.2093072 0.1841478 0.4898535 0.4911638 0.4911638 0.5132393 0.5155530 0.5202599 0.5002099 0.4913778 0.5115592 0.5805033 0.5513662 1.6841757 1.6841757 1.7033149 1.7297389 1.7297389 1.7494427 
Influenza_A_virus_A/mallard/Ohio/6/1989_H6N8                               0.0382903 0.0296792 0.0211009 0.0211009 0.0254359 0.0255574 0.0254656 0.0253809 0.0255231 0.0298151 0.0254409 0.0297695 0.0383692 0.0340815 0.0340815 0.0346758 0.0344185 0.0430036 0.0429523 0.0000000 0.0656410 0.0572764 0.0610038 0.0886933 0.0843515 0.0842688 0.0897414 0.0862937 0.0686039 0.0703409 0.1281110 0.1034368 0.1394153 0.1628455 0.1774077 0.2124313 0.2177016 0.1968062 0.2087393 0.2264276 0.1622593 0.1684964 0.1878748 0.1628002 0.5028170 0.4885333 0.4885333 0.5106049 0.5129247 0.5176266 0.4976065 0.4887461 0.5089374 0.5869880 0.5776948 1.5906460 1.5906460 1.6090229 1.7084239 1.7084239 1.7278585 
Influenza_A_virus_A/chicken/Rostock/5/193_H7N1                             0.0518335 0.0519458 0.0430919 0.0430919 0.0476181 0.0478397 0.0476774 0.0475206 0.0477894 0.0521909 0.0476255 0.0431736 0.0518336 0.0474839 0.0474839 0.0547277 0.0480587 0.0658675 0.0569089 0.0656410 0.0000000 0.0905333 0.0845443 0.1056587 0.0996137 0.1093465 0.1052264 0.1008703 0.0932553 0.1048091 0.1387260 0.1215689 0.1520478 0.1760054 0.2026196 0.2074609 0.2127586 0.1990973 0.2111538 0.2290078 0.1751062 0.1742467 0.2031955 0.1866665 0.4926403 0.4784784 0.4784784 0.4850420 0.4874058 0.4920267 0.4724355 0.4906290 0.4989200 0.5513226 0.5410068 1.7417355 1.7417355 1.7614811 1.8359923 1.8359923 1.8570836 
Influenza_A_virus_A/equine/Sao_Paulo/6/1963_H3N8                           0.0615725 0.0525902 0.0436266 0.0436266 0.0391405 0.0484378 0.0482708 0.0481102 0.0483867 0.0528417 0.0482175 0.0527568 0.0616838 0.0572470 0.0572470 0.0570067 0.0533738 0.0666937 0.0571325 0.0572764 0.0905333 0.0000000 0.0385936 0.1050845 0.1003851 0.1002961 0.1060460 0.0919937 0.1018670 0.1019745 0.1532575 0.1222645 0.1676320 0.1798942 0.1954552 0.2266241 0.2320732 0.2245291 0.2309943 0.2498835 0.1812549 0.1877333 0.2175023 0.1794515 0.5465637 0.5311404 0.5311404 0.5541779 0.5564862 0.5614633 0.5401408 0.5313800 0.5522362 0.6242686 0.5821137 1.7123444 1.7123444 1.7316235 1.7515546 1.7515546 1.7715393 
Influenza_A_virus_A/equine/Argentina/1/1977_H7N7                           0.0562342 0.0563535 0.0474785 0.0474785 0.0430304 0.0522669 0.0520911 0.0519209 0.0522152 0.0566200 0.0520335 0.0475685 0.0653546 0.0609706 0.0609706 0.0608532 0.0481123 0.0703377 0.0608526 0.0610038 0.0845443 0.0385936 0.0000000 0.1090442 0.1043235 0.1140694 0.1099775 0.1055731 0.1055048 0.0952563 0.1449519 0.1087451 0.1517552 0.1540257 0.1790268 0.1976849 0.2030174 0.2168026 0.2130413 0.2417073 0.1628682 0.1691395 0.1985866 0.1680730 0.5159426 0.5012727 0.5012727 0.5237064 0.5260305 0.5308290 0.5103547 0.5154307 0.5219507 0.6147922 0.5726543 1.7192664 1.7192664 1.7386602 1.7822189 1.7822189 1.8024718 
Influenza_A_virus_A/Puerto_Rico/8/193_H1N1                                 0.0487764 0.0753699 0.0659102 0.0659102 0.0708065 0.0711412 0.0709040 0.0706659 0.0710865 0.0757489 0.0708158 0.0660425 0.0849559 0.0803316 0.0803316 0.0816816 0.0715157 0.0904073 0.0838808 0.0886933 0.1056587 0.1050845 0.1090442 0.0000000 0.0551874 0.0643282 0.0601566 0.1081420 0.1058799 0.1380419 0.1423053 0.1380994 0.1449849 0.1809582 0.2043245 0.2106843 0.2161177 0.1649002 0.1761500 0.1819934 0.1874483 0.1828753 0.2367495 0.2127709 0.5479867 0.5324496 0.5324496 0.5556316 0.5579505 0.5629608 0.5475171 0.5470011 0.5536715 0.6198628 0.5877870 1.6589357 1.6589357 1.6777794 1.7982877 1.7982877 1.8188582 
Influenza_A_virus_A/Malaysia/5_H1N1                                        0.0617701 0.0793489 0.0699583 0.0699583 0.0748287 0.0751766 0.0749316 0.0746838 0.0751236 0.0797449 0.0748381 0.0700976 0.0888675 0.0842843 0.0842843 0.0833227 0.0755738 0.0943103 0.0877595 0.0843515 0.0996137 0.1003851 0.1043235 0.0551874 0.0000000 0.0082614 0.0041460 0.1226547 0.1186544 0.1272772 0.1594216 0.1321105 0.1603274 0.1962470 0.1991065 0.2235487 0.2289357 0.1175742 0.1280245 0.1436268 0.1906946 0.1973370 0.2264498 0.2023472 0.5219994 0.5072612 0.5072612 0.5296936 0.5320026 0.5368104 0.5162780 0.5195400 0.5279105 0.6071498 0.6256181 1.6843375 1.6843375 1.7033199 1.8110750 1.8110750 1.8318107 
Influenza_A_virus_A/El_Salvador/2/1957_H2N2                                0.0709090 0.0792687 0.0698831 0.0698831 0.0747506 0.0750980 0.0748533 0.0746058 0.0750450 0.0796642 0.0747600 0.0795298 0.0887834 0.0842018 0.0842018 0.0832380 0.0851398 0.0942238 0.0876767 0.0842688 0.1093465 0.1002961 0.1140694 0.0643282 0.0082614 0.0000000 0.0124989 0.1225648 0.1131835 0.1165475 0.1538565 0.1421631 0.1658684 0.1905254 0.1932985 0.2293724 0.2347561 0.1173449 0.1277715 0.1433377 0.2017954 0.2085118 0.2376289 0.2135058 0.5370324 0.5219748 0.5219748 0.5446296 0.5469237 0.5518031 0.5309229 0.5203378 0.5427616 0.6227855 0.6235599 1.7012537 1.7012537 1.7203976 1.7953464 1.7953464 1.8159166 
Influenza_A_virus_A/Brazil/11/1978_H1N1                                    0.0667797 0.0846650 0.0751789 0.0751789 0.0801117 0.0804833 0.0802238 0.0799586 0.0804323 0.0850918 0.0801215 0.0753298 0.0942859 0.0896649 0.0896649 0.0888581 0.0809193 0.0998305 0.0931109 0.0897414 0.1052264 0.1060460 0.1099775 0.0601566 0.0041460 0.0124989 0.0000000 0.1285739 0.1250882 0.1335286 0.1662980 0.1381503 0.1640409 0.2004849 0.2034420 0.2281979 0.2336406 0.1204884 0.1311502 0.1470564 0.1978548 0.2046006 0.2339569 0.2096421 0.5248841 0.5099782 0.5099782 0.5326155 0.5349381 0.5397949 0.5190469 0.5223618 0.5308027 0.6107755 0.6335428 1.7341396 1.7341396 1.7535781 1.8653077 1.8653077 1.8867878 
Influenza_A_virus_A/slaty-backed_gull/Japan/6KS0191/2006_HN8               0.0776029 0.0719204 0.0626820 0.0626820 0.0674531 0.0677671 0.0675434 0.0673203 0.0677129 0.0722731 0.0674621 0.0721530 0.0721690 0.0767629 0.0767629 0.0662868 0.0776020 0.0773869 0.0766222 0.0862937 0.1008703 0.0919937 0.1055731 0.1081420 0.1226547 0.1225648 0.1285739 0.0000000 0.1161642 0.1240677 0.1591695 0.1275371 0.1673101 0.1771725 0.2085973 0.2381138 0.2434548 0.2399464 0.2525982 0.2712937 0.1968213 0.2015917 0.2668450 0.2367136 0.5518329 0.5365011 0.5365011 0.5593112 0.5615839 0.5665200 0.5453581 0.5367400 0.5432778 0.6424129 0.5847844 1.6848392 1.6848392 1.7040748 1.7798643 1.7798643 1.8002991 
Influenza_A_virus_A/Viet_Nam/1203/200_H5N1                                 0.0720984 0.0671739 0.0573143 0.0573143 0.0623923 0.0627060 0.0624808 0.0622585 0.0626475 0.0675267 0.0624016 0.0674071 0.0722703 0.0674222 0.0674222 0.0736327 0.0579068 0.0828276 0.0675810 0.0686039 0.0932553 0.1018670 0.1055048 0.1058799 0.1186544 0.1131835 0.1250882 0.1161642 0.0000000 0.0532744 0.1579260 0.1613842 0.1869983 0.2131440 0.2134473 0.2165956 0.2221289 0.2110838 0.2242556 0.2309703 0.2014924 0.2059540 0.2349788 0.2265297 0.4805426 0.4877928 0.4877928 0.5050169 0.5107918 0.5125840 0.5016032 0.4814965 0.5032507 0.5745836 0.5345338 1.5851448 1.5851448 1.6165147 1.6074982 1.6074982 1.6260921 
Influenza_A_virus_A/chicken/Egypt/0891/2008_H5N1                           0.0843185 0.0747594 0.0652023 0.0652023 0.0701462 0.0704819 0.0702438 0.0700050 0.0689702 0.0751397 0.0701556 0.0750106 0.0750284 0.0797754 0.0797754 0.0811329 0.0708562 0.0797962 0.0799012 0.0703409 0.1048091 0.1019745 0.0952563 0.1380419 0.1272772 0.1165475 0.1335286 0.1240677 0.0532744 0.0000000 0.1554976 0.1534204 0.1759104 0.1907371 0.1932465 0.2109820 0.2164868 0.2177410 0.2307349 0.2437906 0.1976604 0.2106252 0.2350801 0.2205447 0.4850541 0.4857151 0.4857151 0.5087987 0.5112288 0.5161419 0.4952330 0.4859364 0.5058553 0.6024293 0.5623189 1.5294573 1.5294573 1.5521840 1.6208387 1.6208387 1.6394588 
Influenza_A_virus_A/chicken/Yokoma/aq55/2001_H9N2                          0.1170123 0.1118798 0.1015783 0.1015783 0.1063458 0.1032046 0.0960439 0.1068116 0.1074845 0.1017687 0.0963739 0.1015813 0.1065594 0.1016146 0.1016146 0.1042576 0.1081904 0.1286141 0.1235379 0.1281110 0.1387260 0.1532575 0.1449519 0.1423053 0.1594216 0.1538565 0.1662980 0.1591695 0.1579260 0.1554976 0.0000000 0.1582180 0.2374807 0.2355224 0.2664181 0.2831948 0.2887744 0.2544481 0.2621139 0.2788100 0.2378247 0.2295648 0.2516628 0.2176202 0.5172743 0.5217336 0.5217336 0.5206856 0.5231377 0.5281805 0.5322733 0.5256026 0.5372158 0.5525311 0.5705216 1.5191052 1.5191052 1.5367819 1.6011094 1.6011094 1.6193863 
Influenza_A_virus_A/semi-palmated_sandpiper/Brazil/3/1990_H2N1             0.1007449 0.1044099 0.0947557 0.0947557 0.0991345 0.1002756 0.0999712 0.0996481 0.1002395 0.1049447 0.0998362 0.0949488 0.1047954 0.1095499 0.1095499 0.0937256 0.0961462 0.1105200 0.1093792 0.1034368 0.1215689 0.1222645 0.1087451 0.1380994 0.1321105 0.1421631 0.1381503 0.1275371 0.1613842 0.1534204 0.1582180 0.0000000 0.1818414 0.1727288 0.1972973 0.2098686 0.2152305 0.2523211 0.2492484 0.2816945 0.2161626 0.2083950 0.2321855 0.2155852 0.6061380 0.5887748 0.5887748 0.6136087 0.6159384 0.6214053 0.5978528 0.6041792 0.6112588 0.6259752 0.6590750 1.6366218 1.6366218 1.6504809 1.6963698 1.6963698 1.7159370 
Influenza_A_virus_A/swine/Tennessee/1/1975_H1N1                            0.0974483 0.1180273 0.1128808 0.1128808 0.1183207 0.1188648 0.1185088 0.1181170 0.1131839 0.1238177 0.1183338 0.1131257 0.1285696 0.1236361 0.1236361 0.1307690 0.1196280 0.1340639 0.1349215 0.1394153 0.1520478 0.1676320 0.1517552 0.1449849 0.1603274 0.1658684 0.1640409 0.1673101 0.1869983 0.1759104 0.2374807 0.1818414 0.0000000 0.0639300 0.1007472 0.1124735 0.1175376 0.2304014 0.2438870 0.2571378 0.2535855 0.2596106 0.2718062 0.2535344 0.4856036 0.4900984 0.4900984 0.5071361 0.5096146 0.5146151 0.5005287 0.4985126 0.4997191 0.5712938 0.5439161 1.7976022 1.7976022 1.8128746 1.9213398 1.9213398 1.9433506 
Influenza_A_virus_A/swine/Hong_Kong/103/1993_H1N1                          0.1301744 0.1350090 0.1354412 0.1354412 0.1407246 0.1417333 0.1413359 0.1408785 0.1358038 0.1468159 0.1411159 0.1465357 0.1516276 0.1466030 0.1466030 0.1414946 0.1536600 0.1573087 0.1465172 0.1628455 0.1760054 0.1798942 0.1540257 0.1809582 0.1962470 0.1905254 0.2004849 0.1771725 0.2131440 0.1907371 0.2355224 0.1727288 0.0639300 0.0000000 0.0562157 0.0767177 0.0816060 0.2652702 0.2620973 0.2902767 0.3008174 0.3074349 0.3055298 0.2779897 0.5312683 0.5226695 0.5226695 0.5402259 0.5426821 0.5478749 0.5332809 0.5143387 0.5325964 0.6116832 0.5579501 1.8544718 1.8544718 1.8388235 1.9643183 1.9643183 1.9868688 
Influenza_A_virus_A/swine/Korea/PZ72-1/2006_H3N1                           0.1651475 0.1605828 0.1602404 0.1602404 0.1659414 0.1668715 0.1664379 0.1659141 0.1633509 0.1721123 0.1661666 0.1717739 0.1769994 0.1718658 0.1718658 0.1671208 0.1733947 0.1858995 0.1602272 0.1774077 0.2026196 0.1954552 0.1790268 0.2043245 0.1991065 0.1932985 0.2034420 0.2085973 0.2134473 0.1932465 0.2664181 0.1972973 0.1007472 0.0562157 0.0000000 0.0688705 0.0738466 0.2579630 0.2658463 0.2830045 0.2984243 0.3064575 0.2982300 0.2822625 0.5319560 0.5404066 0.5404066 0.5583855 0.5641015 0.5661901 0.5544519 0.5319156 0.5164678 0.6449910 0.5872775 1.8965976 1.8965976 1.8807840 2.0066746 2.0066746 2.0296353 
Influenza_A_virus_A/Calinia/0/2009_H1N1                                    0.1719171 0.1879964 0.1886138 0.1886138 0.1946251 0.1954563 0.1950045 0.1944246 0.1826433 0.1982694 0.1921603 0.1865065 0.2031611 0.1979936 0.1979936 0.1962129 0.1795002 0.2126408 0.1886357 0.2124313 0.2074609 0.2266241 0.1976849 0.2106843 0.2235487 0.2293724 0.2281979 0.2381138 0.2165956 0.2109820 0.2831948 0.2098686 0.1124735 0.0767177 0.0688705 0.0000000 0.0045013 0.2703567 0.2783137 0.2955794 0.3143034 0.3152717 0.3211790 0.3092359 0.5310270 0.5396173 0.5396173 0.5550744 0.5608801 0.5629801 0.5538981 0.5464615 0.5477524 0.6248063 0.5612776 2.0012273 2.0012273 1.9845102 2.1037210 2.1037210 2.1279860 
Influenza_A_virus_A/swine/Argentina/CIP051-StaFeN2/2010_H1N2               0.1771605 0.1932225 0.1938550 0.1938550 0.1999065 0.2007188 0.2002661 0.1996785 0.1878705 0.2035690 0.1974527 0.1918017 0.2084428 0.2032887 0.2032887 0.2015618 0.1848064 0.2179194 0.1938843 0.2177016 0.2127586 0.2320732 0.2030174 0.2161177 0.2289357 0.2347561 0.2336406 0.2434548 0.2221289 0.2164868 0.2887744 0.2152305 0.1175376 0.0816060 0.0738466 0.0045013 0.0000000 0.2759164 0.2839124 0.3012423 0.3200856 0.3210599 0.3268381 0.3149631 0.5378512 0.5464560 0.5464560 0.5619586 0.5677467 0.5698856 0.5607427 0.5533151 0.5546230 0.6319476 0.5680614 1.9843800 1.9843800 1.9677985 2.1214534 2.1214534 2.1459385 
Influenza_A_virus_A/New_York/802/1993_H3N2                                 0.1675557 0.1891372 0.1787210 0.1787210 0.1844118 0.1851529 0.1847286 0.1841953 0.1852981 0.1851092 0.1794712 0.1741581 0.1852855 0.1804173 0.1804173 0.1966060 0.1864955 0.2044890 0.1863831 0.1968062 0.1990973 0.2245291 0.2168026 0.1649002 0.1175742 0.1173449 0.1204884 0.2399464 0.2110838 0.2177410 0.2544481 0.2523211 0.2304014 0.2652702 0.2579630 0.2703567 0.2759164 0.0000000 0.0082690 0.0209076 0.2798903 0.2810795 0.3222346 0.2939462 0.5093073 0.5223933 0.5223933 0.5266373 0.5289746 0.5338199 0.5195249 0.5228552 0.5313213 0.6104640 0.5938502 1.7833261 1.7833261 1.8028910 1.8515592 1.8515592 1.8724605 
Influenza_A_virus_A/Panama/2007/1999_H3N2                                  0.1789885 0.2009406 0.1904240 0.1904240 0.1904240 0.1969737 0.1965414 0.1959846 0.1971584 0.1970143 0.1912247 0.1858568 0.1970531 0.1921541 0.1921541 0.2031964 0.1984368 0.2166404 0.1980974 0.2087393 0.2111538 0.2309943 0.2130413 0.1761500 0.1280245 0.1277715 0.1311502 0.2525982 0.2242556 0.2307349 0.2621139 0.2492484 0.2438870 0.2620973 0.2658463 0.2783137 0.2839124 0.0082690 0.0000000 0.0165963 0.2936978 0.2949061 0.3303289 0.3018605 0.5280742 0.5410557 0.5410557 0.5454890 0.5478168 0.5527729 0.5380393 0.5415828 0.5501513 0.6305850 0.6142695 1.7802519 1.7802519 1.7998775 1.8486558 1.8486558 1.8696166 
Influenza_A_virus_A/Managua/10.02/2010_H3N2                                0.1959720 0.2184416 0.2077886 0.2077886 0.2081359 0.2145022 0.2140620 0.2134738 0.2147514 0.2146660 0.2086634 0.2032215 0.2145149 0.2095789 0.2095789 0.2237007 0.2161474 0.2346316 0.2154680 0.2264276 0.2290078 0.2498835 0.2417073 0.1819934 0.1436268 0.1433377 0.1470564 0.2712937 0.2309703 0.2437906 0.2788100 0.2816945 0.2571378 0.2902767 0.2830045 0.2955794 0.3012423 0.0209076 0.0165963 0.0000000 0.3140376 0.3152627 0.3545722 0.3258218 0.5413289 0.5542561 0.5542561 0.5588330 0.5611577 0.5662021 0.5572252 0.5548331 0.5634889 0.6449719 0.6288471 1.8064809 1.8064809 1.8263108 1.8759979 1.8759979 1.8972587 
Influenza_A_virus_A/herring_gull/DE/75/1986_H13N2                          0.1540201 0.1563836 0.1460521 0.1460521 0.1516146 0.1522651 0.1518657 0.1513962 0.1523190 0.1545698 0.1489298 0.1436285 0.1399638 0.1450137 0.1450137 0.1645039 0.1533100 0.1636240 0.1678693 0.1622593 0.1751062 0.1812549 0.1628682 0.1874483 0.1906946 0.2017954 0.1978548 0.1968213 0.2014924 0.1976604 0.2378247 0.2161626 0.2535855 0.3008174 0.2984243 0.3143034 0.3200856 0.2798903 0.2936978 0.3140376 0.0000000 0.0125457 0.1118810 0.1122067 0.6106718 0.6055554 0.6055554 0.6035385 0.6058379 0.6111555 0.5909995 0.6077067 0.6146913 0.6687101 0.6590083 1.6298576 1.6298576 1.6299892 1.7194590 1.7194590 1.7389988 
Influenza_A_virus_A/herring_gull/DE/712/1988_H16N3                         0.1580127 0.1603783 0.1498758 0.1498758 0.1555413 0.1562137 0.1558042 0.1553190 0.1562784 0.1585910 0.1528478 0.1474553 0.1437329 0.1488626 0.1488626 0.1686824 0.1573104 0.1677908 0.1720832 0.1684964 0.1742467 0.1877333 0.1691395 0.1828753 0.1973370 0.2085118 0.2046006 0.2015917 0.2059540 0.2106252 0.2295648 0.2083950 0.2596106 0.3074349 0.3064575 0.3152717 0.3210599 0.2810795 0.2949061 0.3152627 0.0125457 0.0000000 0.1197149 0.1202622 0.6115371 0.6061498 0.6061498 0.6041292 0.6064270 0.6117456 0.5915846 0.6083006 0.6152842 0.6608813 0.6510523 1.6034556 1.6034556 1.6035919 1.6913605 1.6913605 1.7105654 
Influenza_A_virus_A/Mongolian_gull/Mongolia/01/2007_H13N6                  0.1896980 0.1819949 0.1814370 0.1814370 0.1870165 0.1754612 0.1874005 0.1868679 0.1879739 0.1816516 0.1760420 0.1708200 0.1802624 0.1755051 0.1755051 0.1781129 0.1834640 0.2070077 0.2093072 0.1878748 0.2031955 0.2175023 0.1985866 0.2367495 0.2264498 0.2376289 0.2339569 0.2668450 0.2349788 0.2350801 0.2516628 0.2321855 0.2718062 0.3055298 0.2982300 0.3211790 0.3268381 0.3222346 0.3303289 0.3545722 0.1118810 0.1197149 0.0000000 0.0834616 0.6436635 0.6153610 0.6153610 0.6025656 0.6078618 0.6100724 0.6091363 0.6229764 0.6374641 0.6864822 0.7022758 1.7020310 1.7020310 1.6972662 1.8289479 1.8289479 1.8497192 
Influenza_A_virus_A/glaucous_gull/Alaska/198-027/2006_H16N3                0.1667033 0.1668818 0.1565652 0.1565652 0.1619290 0.1628254 0.1624179 0.1619284 0.1629058 0.1677862 0.1621676 0.1569113 0.1749378 0.1700489 0.1700489 0.1530937 0.1639595 0.1817062 0.1841478 0.1628002 0.1866665 0.1794515 0.1680730 0.2127709 0.2023472 0.2135058 0.2096421 0.2367136 0.2265297 0.2205447 0.2176202 0.2155852 0.2535344 0.2779897 0.2822625 0.3092359 0.3149631 0.2939462 0.3018605 0.3258218 0.1122067 0.1202622 0.0834616 0.0000000 0.5930908 0.5745176 0.5745176 0.5974677 0.5998012 0.6051515 0.5821147 0.5823123 0.5967210 0.6599985 0.6674744 1.5690492 1.5690492 1.5691911 1.7182616 1.7182616 1.7379061 
Influenza_A_virus_A/common_teal/Netherlands/10/2000_H1N1                   0.4902018 0.5049496 0.4915778 0.4915778 0.4996110 0.4907031 0.5007131 0.4969878 0.4929117 0.4925923 0.5001468 0.4932677 0.4955522 0.5017051 0.5017051 0.5011011 0.4634901 0.5067807 0.4898535 0.5028170 0.4926403 0.5465637 0.5159426 0.5479867 0.5219994 0.5370324 0.5248841 0.5518329 0.4805426 0.4850541 0.5172743 0.6061380 0.4856036 0.5312683 0.5319560 0.5310270 0.5378512 0.5093073 0.5280742 0.5413289 0.6106718 0.6115371 0.6436635 0.5930908 0.0000000 0.0205581 0.0205581 0.0248442 0.0290399 0.0290765 0.0290258 0.0249034 0.0290854 0.0978791 0.0904231 1.6123865 1.6123865 1.6312019 1.7370994 1.7370994 1.7351315 
Influenza_A_virus_A/red-winged_tinamou/Argentina/MP1/2008_H1N1             0.4761943 0.4907182 0.4775486 0.4775486 0.4854275 0.4767001 0.4864906 0.4827558 0.4788211 0.4785119 0.4859222 0.4791589 0.4933589 0.4994217 0.4994217 0.4868679 0.4500634 0.4924410 0.4911638 0.4885333 0.4784784 0.5311404 0.5012727 0.5324496 0.5072612 0.5219748 0.5099782 0.5365011 0.4877928 0.4857151 0.5217336 0.5887748 0.4900984 0.5226695 0.5404066 0.5396173 0.5464560 0.5223933 0.5410557 0.5542561 0.6055554 0.6061498 0.6153610 0.5745176 0.0205581 0.0000000 0.0000010 0.0122411 0.0163545 0.0163737 0.0163459 0.0122700 0.0163796 0.0873748 0.0857759 1.6231963 1.6231963 1.6138494 1.7488705 1.7488705 1.7468870 
Influenza_A_virus_A/rosy-billed_pocrd/Argentina/CIP051-557/2007_H6N2       0.4761943 0.4907182 0.4775486 0.4775486 0.4854275 0.4767001 0.4864906 0.4827558 0.4788211 0.4785119 0.4859222 0.4791589 0.4933589 0.4994217 0.4994217 0.4868679 0.4500634 0.4924410 0.4911638 0.4885333 0.4784784 0.5311404 0.5012727 0.5324496 0.5072612 0.5219748 0.5099782 0.5365011 0.4877928 0.4857151 0.5217336 0.5887748 0.4900984 0.5226695 0.5404066 0.5396173 0.5464560 0.5223933 0.5410557 0.5542561 0.6055554 0.6061498 0.6153610 0.5745176 0.0205581 0.0000010 0.0000000 0.0122411 0.0163545 0.0163737 0.0163459 0.0122700 0.0163796 0.0873748 0.0857759 1.6231963 1.6231963 1.6138494 1.7488705 1.7488705 1.7468870 
Influenza_A_virus_A/mallard_duck/ALB/2/1977_H1N6                           0.4980581 0.5126702 0.4994217 0.4994217 0.5073995 0.4985480 0.5085032 0.5048479 0.5007671 0.4836895 0.4910897 0.4843414 0.4713226 0.4773285 0.4773285 0.5088899 0.4714823 0.5145270 0.5132393 0.5106049 0.4850420 0.5541779 0.5237064 0.5556316 0.5296936 0.5446296 0.5326155 0.5593112 0.5050169 0.5087987 0.5206856 0.6136087 0.5071361 0.5402259 0.5583855 0.5550744 0.5619586 0.5266373 0.5454890 0.5588330 0.6035385 0.6041292 0.6025656 0.5974677 0.0248442 0.0122411 0.0122411 0.0000000 0.0040552 0.0040596 0.0122481 0.0164751 0.0206178 0.0829697 0.0812130 1.6181642 1.6181642 1.6088570 1.7266750 1.7266750 1.7247309 
Influenza_A_virus_A/northern_shoveler/Mississippi/09OS025/2009_H12N5       0.5003875 0.5149719 0.5017486 0.5017486 0.5097167 0.5008745 0.5108217 0.5071838 0.5030985 0.4860294 0.4934202 0.4866830 0.4736828 0.4796781 0.4796781 0.5112084 0.4774587 0.5168378 0.5155530 0.5129247 0.4874058 0.5564862 0.5260305 0.5579505 0.5320026 0.5469237 0.5349381 0.5615839 0.5107918 0.5112288 0.5231377 0.6159384 0.5096146 0.5426821 0.5641015 0.5608801 0.5677467 0.5289746 0.5478168 0.5611577 0.6058379 0.6064270 0.6078618 0.5998012 0.0290399 0.0163545 0.0163545 0.0040552 0.0000000 0.0081363 0.0081556 0.0206354 0.0247903 0.0785557 0.0766423 1.6041933 1.6041933 1.5949726 1.7418765 1.7418765 1.7399128 
Influenza_A_virus_A/mallard_duck/ALB/26/1976_H3N1                          0.5050261 0.5196504 0.5063909 0.5063909 0.5143920 0.5055103 0.5155069 0.5118799 0.5077588 0.4905959 0.4980157 0.4912571 0.4782101 0.4842231 0.4842231 0.5158960 0.4783362 0.5215469 0.5202599 0.5176266 0.4920267 0.5614633 0.5308290 0.5629608 0.5368104 0.5518031 0.5397949 0.5665200 0.5125840 0.5161419 0.5281805 0.6214053 0.5146151 0.5478749 0.5661901 0.5629801 0.5698856 0.5338199 0.5527729 0.5662021 0.6111555 0.6117456 0.6100724 0.6051515 0.0290765 0.0163737 0.0163737 0.0040596 0.0081363 0.0000000 0.0163830 0.0206603 0.0248208 0.0875919 0.0859965 1.6328605 1.6328605 1.6234769 1.7423271 1.7423271 1.7403651 
Influenza_A_virus_A/mallard/ALB/7/1998_HN1                                 0.4853172 0.4997205 0.4866608 0.4866608 0.4944943 0.4858110 0.4955628 0.4919019 0.4879489 0.4876390 0.4950057 0.4882922 0.4753363 0.4813096 0.4813096 0.4959400 0.4628378 0.5014795 0.5002099 0.4976065 0.4724355 0.5401408 0.5103547 0.5475171 0.5162780 0.5309229 0.5190469 0.5453581 0.5016032 0.4952330 0.5322733 0.5978528 0.5005287 0.5332809 0.5544519 0.5538981 0.5607427 0.5195249 0.5380393 0.5572252 0.5909995 0.5915846 0.6091363 0.5821147 0.0290258 0.0163459 0.0163459 0.0122481 0.0081556 0.0163830 0.0000000 0.0206248 0.0247780 0.0785276 0.0766136 1.6276719 1.6276719 1.6182833 1.7678892 1.7678892 1.7658864 
Influenza_A_virus_A/mallard_duck/ALB/57/1976_H5N2                          0.4900528 0.4909310 0.4777544 0.4777544 0.4856379 0.4769052 0.4867019 0.4829662 0.4790281 0.4787186 0.4861334 0.4930760 0.4816007 0.4876530 0.4876530 0.4808340 0.4637021 0.4926558 0.4913778 0.4887461 0.4906290 0.5313800 0.5154307 0.5470011 0.5195400 0.5203378 0.5223618 0.5367400 0.4814965 0.4859364 0.5256026 0.6041792 0.4985126 0.5143387 0.5319156 0.5464615 0.5533151 0.5228552 0.5415828 0.5548331 0.6077067 0.6083006 0.6229764 0.5823123 0.0249034 0.0122700 0.0122700 0.0164751 0.0206354 0.0206603 0.0206248 0.0000000 0.0206675 0.0926640 0.0912411 1.6667648 1.6667648 1.6571284 1.7343264 1.7343264 1.7323599 
Influenza_A_virus_A/turkey/England/50-92/91_H5N1                           0.4964653 0.5110024 0.4978218 0.4978218 0.5057546 0.4969540 0.5068502 0.5032064 0.5049968 0.4988379 0.5062971 0.4995114 0.5017696 0.5078396 0.5078396 0.5072345 0.4700490 0.5198544 0.5115592 0.5089374 0.4989200 0.5522362 0.5219507 0.5536715 0.5279105 0.5427616 0.5308027 0.5432778 0.5032507 0.5058553 0.5372158 0.6112588 0.4997191 0.5325964 0.5164678 0.5477524 0.5546230 0.5313213 0.5501513 0.5634889 0.6146913 0.6152842 0.6374641 0.5967210 0.0290854 0.0163796 0.0163796 0.0206178 0.0247903 0.0248208 0.0247780 0.0206675 0.0000000 0.0970985 0.0927841 1.6251128 1.6251128 1.6157850 1.7512381 1.7512381 1.7492536 
Influenza_A_virus_A/environment/New_York/30732-1/2005_H7N2                 0.5770232 0.5920879 0.5784237 0.5784237 0.5868455 0.5774582 0.5880854 0.5846576 0.5800797 0.5796930 0.5876074 0.5804828 0.5665976 0.5729364 0.5729364 0.5884995 0.5525093 0.5944117 0.5805033 0.5869880 0.5513226 0.6242686 0.6147922 0.6198628 0.6071498 0.6227855 0.6107755 0.6424129 0.5745836 0.6024293 0.5525311 0.6259752 0.5712938 0.6116832 0.6449910 0.6248063 0.6319476 0.6104640 0.6305850 0.6449719 0.6687101 0.6608813 0.6864822 0.6599985 0.0978791 0.0873748 0.0873748 0.0829697 0.0785557 0.0875919 0.0785276 0.0926640 0.0970985 0.0000000 0.1278403 1.5426864 1.5426864 1.5447301 1.6683302 1.6683302 1.6664546 
Influenza_A_virus_A/chicken/Chis/1522/1997_H5N2                            0.5543524 0.5695400 0.5557670 0.5557670 0.5642011 0.5548106 0.5654262 0.5618777 0.5466031 0.5569857 0.5649130 0.5577586 0.5438484 0.5502117 0.5502117 0.5734011 0.5298790 0.5754201 0.5513662 0.5776948 0.5410068 0.5821137 0.5726543 0.5877870 0.6256181 0.6235599 0.6335428 0.5847844 0.5345338 0.5623189 0.5705216 0.6590750 0.5439161 0.5579501 0.5872775 0.5612776 0.5680614 0.5938502 0.6142695 0.6288471 0.6590083 0.6510523 0.7022758 0.6674744 0.0904231 0.0857759 0.0857759 0.0812130 0.0766423 0.0859965 0.0766136 0.0912411 0.0927841 0.1278403 0.0000000 1.6547810 1.6547810 1.6579760 1.8019742 1.8019742 1.7999373 
Influenza_A_virus_A/little_yellow-shouldered_bat/Guatemala/153/2009_H17N10 1.6498827 1.6599284 1.6417566 1.6417566 1.6426209 1.6510758 1.6199059 1.6654394 1.6693079 1.6351172 1.6184763 1.6022780 1.6314154 1.6367389 1.6367389 1.6864416 1.6144357 1.6753252 1.6841757 1.5906460 1.7417355 1.7123444 1.7192664 1.6589357 1.6843375 1.7012537 1.7341396 1.6848392 1.5851448 1.5294573 1.5191052 1.6366218 1.7976022 1.8544718 1.8965976 2.0012273 1.9843800 1.7833261 1.7802519 1.8064809 1.6298576 1.6034556 1.7020310 1.5690492 1.6123865 1.6231963 1.6231963 1.6181642 1.6041933 1.6328605 1.6276719 1.6667648 1.6251128 1.5426864 1.6547810 0.0000000 0.0000010 0.0178047 0.2262063 0.2262063 0.2324599 
Influenza_A_virus_A/little_yellow-shouldered_bat/Guatemala/16/2009_H17N10  1.6498827 1.6599284 1.6417566 1.6417566 1.6426209 1.6510758 1.6199059 1.6654394 1.6693079 1.6351172 1.6184763 1.6022780 1.6314154 1.6367389 1.6367389 1.6864416 1.6144357 1.6753252 1.6841757 1.5906460 1.7417355 1.7123444 1.7192664 1.6589357 1.6843375 1.7012537 1.7341396 1.6848392 1.5851448 1.5294573 1.5191052 1.6366218 1.7976022 1.8544718 1.8965976 2.0012273 1.9843800 1.7833261 1.7802519 1.8064809 1.6298576 1.6034556 1.7020310 1.5690492 1.6123865 1.6231963 1.6231963 1.6181642 1.6041933 1.6328605 1.6276719 1.6667648 1.6251128 1.5426864 1.6547810 0.0000010 0.0000000 0.0178047 0.2262063 0.2262063 0.2324599 
Influenza_A_virus_A/little_yellow-shouldered_bat/Guatemala/060/2010_H17N10 1.6687148 1.6787297 1.6605166 1.6605166 1.6613863 1.6698987 1.6384689 1.6844483 1.6883896 1.6537500 1.6369940 1.6206424 1.6500869 1.6554392 1.6554392 1.7054777 1.6329622 1.6945151 1.7033149 1.6090229 1.7614811 1.7316235 1.7386602 1.6777794 1.7033199 1.7203976 1.7535781 1.7040748 1.6165147 1.5521840 1.5367819 1.6504809 1.8128746 1.8388235 1.8807840 1.9845102 1.9677985 1.8028910 1.7998775 1.8263108 1.6299892 1.6035919 1.6972662 1.5691911 1.6312019 1.6138494 1.6138494 1.6088570 1.5949726 1.6234769 1.6182833 1.6571284 1.6157850 1.5447301 1.6579760 0.0178047 0.0178047 0.0000000 0.2289475 0.2289475 0.2351171 
