61
Influenza_A_virus_A/South_Carolina/1/18_H1N1                               0.0000000 0.0164835 0.0164835 0.0185361 0.0185361 0.0186197 0.0185887 0.0185761 0.0206897 0.0207325 0.0185901 0.0185901 0.0164437 0.0206934 0.0207830 0.0229037 0.0207896 0.0206376 0.0229315 0.0250752 0.0293766 0.0382173 0.0229551 0.0376413 0.0292432 0.0355866 0.0358569 0.0298274 0.0314250 0.0471439 0.0334606 0.0367318 0.0313817 0.0313817 0.0407435 0.0662649 0.0571256 0.0524222 0.0581369 0.0420665 0.0486840 0.0528522 0.0595930 0.0598201 0.0597593 0.0568199 0.0555327 0.0642286 0.0750608 0.0803619 0.0825806 0.0831619 0.0822940 0.6475191 0.6475191 0.6576191 0.6094203 0.6094203 0.6061205 0.6110969 0.6167515 
Influenza_A_virus_A/common_teal/Netherlands/10/2000_H1N1                   0.0164835 0.0000000 0.0000010 0.0019857 0.0019857 0.0019941 0.0019910 0.0019896 0.0039889 0.0039969 0.0019912 0.0019912 0.0039969 0.0039901 0.0040070 0.0060222 0.0040077 0.0080271 0.0060298 0.0080581 0.0121382 0.0245488 0.0101065 0.0197014 0.0120850 0.0181801 0.0182717 0.0165615 0.0183315 0.0333487 0.0154361 0.0203331 0.0184916 0.0184916 0.0227263 0.0516223 0.0381366 0.0336970 0.0390014 0.0615126 0.0468335 0.0511979 0.0603187 0.0603473 0.0627035 0.0722038 0.0711006 0.0801639 0.0920246 0.0976847 0.0976221 0.0641518 0.0644518 0.6418330 0.6418330 0.6518528 0.6040119 0.6040119 0.6007258 0.6056658 0.6112720 
Influenza_A_virus_A/duck/Nancng/-18/2000_H2N9                              0.0164835 0.0000010 0.0000000 0.0019857 0.0019857 0.0019941 0.0019910 0.0019896 0.0039889 0.0039969 0.0019912 0.0019912 0.0039969 0.0039901 0.0040070 0.0060222 0.0040077 0.0080271 0.0060298 0.0080581 0.0121382 0.0245488 0.0101065 0.0197014 0.0120850 0.0181801 0.0182717 0.0165615 0.0183315 0.0333487 0.0154361 0.0203331 0.0184916 0.0184916 0.0227263 0.0516223 0.0381366 0.0336970 0.0390014 0.0615126 0.0468335 0.0511979 0.0603187 0.0603473 0.0627035 0.0722038 0.0711006 0.0801639 0.0920246 0.0976847 0.0976221 0.0641518 0.0644518 0.6418330 0.6418330 0.6518528 0.6040119 0.6040119 0.6007258 0.6056658 0.6112720 
Influenza_A_virus_A/duck/New_Zealand/1/198_H5N2                            0.0185361 0.0019857 0.0019857 0.0000000 0.0039705 0.0039873 0.0039811 0.0039783 0.0059818 0.0059938 0.0039814 0.0039814 0.0059938 0.0059834 0.0060088 0.0080270 0.0060099 0.0100305 0.0080370 0.0100690 0.0141553 0.0265773 0.0121232 0.0217761 0.0140933 0.0201887 0.0162435 0.0186233 0.0203588 0.0354061 0.0175468 0.0183023 0.0205361 0.0205361 0.0247793 0.0495126 0.0380698 0.0336377 0.0389326 0.0614069 0.0489163 0.0532766 0.0582110 0.0582392 0.0605909 0.0700772 0.0689400 0.0780136 0.0910924 0.0967432 0.0966807 0.0662146 0.0622847 0.6392489 0.6392489 0.6492699 0.6065493 0.6065493 0.6032679 0.6082083 0.6138178 
Influenza_A_virus_A/mallard/Sweden/58/2003_H11N1                           0.0185361 0.0019857 0.0019857 0.0039705 0.0000000 0.0039873 0.0039811 0.0039783 0.0059818 0.0059938 0.0039814 0.0039814 0.0059938 0.0059834 0.0060088 0.0080270 0.0060099 0.0100305 0.0080370 0.0100690 0.0141553 0.0265773 0.0121232 0.0217761 0.0140933 0.0201887 0.0202910 0.0186233 0.0203588 0.0354061 0.0175468 0.0223542 0.0205361 0.0205361 0.0247793 0.0537085 0.0402210 0.0357750 0.0411016 0.0636368 0.0489163 0.0532766 0.0624005 0.0624295 0.0647896 0.0743009 0.0732313 0.0822820 0.0898175 0.0954686 0.0954061 0.0662146 0.0665909 0.6443649 0.6443649 0.6543837 0.6065493 0.6065493 0.6032679 0.6082083 0.6138178 
Influenza_A_virus_A/mallard/Netherlands/2/1999_H3N5                        0.0186197 0.0019941 0.0019941 0.0039873 0.0039873 0.0000000 0.0039980 0.0039951 0.0060073 0.0060194 0.0039983 0.0039983 0.0060194 0.0060089 0.0060346 0.0080616 0.0060356 0.0100739 0.0080717 0.0101128 0.0142175 0.0266978 0.0121762 0.0218760 0.0141550 0.0202782 0.0203815 0.0187078 0.0204499 0.0355716 0.0176279 0.0224543 0.0206288 0.0206288 0.0205844 0.0539710 0.0405020 0.0360219 0.0403751 0.0591070 0.0491532 0.0535358 0.0627088 0.0627380 0.0651113 0.0697742 0.0686377 0.0800684 0.0894024 0.0975610 0.0974985 0.0618025 0.0620139 0.6394413 0.6394413 0.6495095 0.6014337 0.6014337 0.5981270 0.6030905 0.6087203 
Influenza_A_virus_A/duck/HK/17/1977_H9N6                                   0.0185887 0.0019910 0.0019910 0.0039811 0.0039811 0.0039980 0.0000000 0.0039889 0.0059979 0.0060100 0.0039921 0.0039921 0.0060100 0.0059995 0.0060251 0.0080488 0.0060262 0.0100579 0.0080589 0.0100966 0.0141945 0.0266529 0.0121566 0.0218389 0.0141322 0.0202450 0.0203479 0.0186764 0.0204160 0.0355095 0.0175979 0.0224171 0.0205943 0.0205943 0.0248504 0.0493769 0.0359381 0.0315195 0.0412250 0.0638344 0.0490632 0.0534371 0.0625902 0.0626194 0.0649873 0.0745302 0.0734608 0.0825394 0.0944975 0.1001846 0.1001217 0.0664146 0.0667995 0.6415158 0.6415158 0.6515600 0.6036026 0.6036026 0.6003079 0.6052596 0.6108788 
Influenza_A_virus_A/black_duck/Perth/699/1978_H3N8                         0.0185761 0.0019896 0.0019896 0.0039783 0.0039783 0.0039951 0.0039889 0.0000000 0.0019877 0.0060057 0.0039892 0.0039892 0.0060058 0.0059953 0.0039763 0.0059760 0.0060219 0.0100509 0.0080532 0.0079962 0.0120450 0.0243617 0.0100288 0.0195470 0.0141226 0.0180420 0.0203345 0.0164322 0.0162414 0.0354878 0.0175856 0.0224025 0.0163831 0.0163831 0.0225945 0.0538415 0.0378420 0.0334364 0.0386980 0.0638015 0.0490355 0.0534079 0.0625583 0.0625874 0.0649547 0.0744955 0.0709598 0.0825034 0.0944601 0.1001473 0.1000844 0.0618493 0.0639531 0.6406038 0.6406038 0.6505885 0.6029193 0.6029193 0.5996437 0.6045648 0.6101484 
Influenza_A_virus_A/gray_teal/Australia/1/1979_H6N1                        0.0206897 0.0039889 0.0039889 0.0059818 0.0059818 0.0060073 0.0059979 0.0019877 0.0000000 0.0080270 0.0059984 0.0059984 0.0080271 0.0080129 0.0059788 0.0079871 0.0080486 0.0120898 0.0100904 0.0100191 0.0140856 0.0264501 0.0120632 0.0216683 0.0161776 0.0200914 0.0224183 0.0185308 0.0183149 0.0376558 0.0197476 0.0244941 0.0184747 0.0184747 0.0247065 0.0560961 0.0400296 0.0356035 0.0409051 0.0661295 0.0512721 0.0556535 0.0648358 0.0648654 0.0672443 0.0768277 0.0733186 0.0848844 0.0969372 0.1026511 0.1025881 0.0641042 0.0662839 0.6438215 0.6438215 0.6538084 0.6061362 0.6061362 0.6028663 0.6077882 0.6133767 
Influenza_A_virus_A/mallard_duck/ALB/2/1977_H1N6                           0.0207325 0.0039969 0.0039969 0.0059938 0.0059938 0.0060194 0.0060100 0.0060057 0.0080270 0.0000000 0.0019936 0.0019936 0.0040018 0.0039949 0.0040119 0.0060296 0.0040126 0.0080371 0.0101108 0.0121608 0.0162822 0.0288063 0.0142353 0.0240139 0.0121002 0.0182034 0.0182953 0.0165832 0.0183553 0.0333947 0.0154567 0.0203595 0.0227382 0.0227382 0.0270223 0.0516987 0.0381907 0.0337440 0.0435216 0.0662717 0.0513801 0.0557705 0.0649724 0.0650021 0.0673862 0.0769908 0.0747658 0.0850665 0.0961185 0.1018882 0.1028142 0.0687941 0.0645535 0.6431948 0.6431948 0.6596060 0.6053548 0.6053548 0.6020690 0.6070124 0.6126240 
Influenza_A_virus_A/mallard_duck/ALB/26/1976_H3N1                          0.0185901 0.0019912 0.0019912 0.0039814 0.0039814 0.0039983 0.0039921 0.0039892 0.0059984 0.0019936 0.0000000 0.0000010 0.0019936 0.0019902 0.0019987 0.0040052 0.0019989 0.0060059 0.0080595 0.0100974 0.0141955 0.0266549 0.0121575 0.0218405 0.0100471 0.0161239 0.0162045 0.0144562 0.0162563 0.0311963 0.0132731 0.0182580 0.0205959 0.0205959 0.0248523 0.0493804 0.0359407 0.0315219 0.0412280 0.0638388 0.0490667 0.0534408 0.0625945 0.0626236 0.0649916 0.0745351 0.0722556 0.0825447 0.0934507 0.0991804 0.1001280 0.0664190 0.0621109 0.6386013 0.6386013 0.6550179 0.6007790 0.6007790 0.5974871 0.6024264 0.6080280 
Influenza_A_virus_A/mallard/Manitoba/23912/2007_HN7                        0.0185901 0.0019912 0.0019912 0.0039814 0.0039814 0.0039983 0.0039921 0.0039892 0.0059984 0.0019936 0.0000010 0.0000000 0.0019936 0.0019902 0.0019987 0.0040052 0.0019989 0.0060059 0.0080595 0.0100974 0.0141955 0.0266549 0.0121575 0.0218405 0.0100471 0.0161239 0.0162045 0.0144562 0.0162563 0.0311963 0.0132731 0.0182580 0.0205959 0.0205959 0.0248523 0.0493804 0.0359407 0.0315219 0.0412280 0.0638388 0.0490667 0.0534408 0.0625945 0.0626236 0.0649916 0.0745351 0.0722556 0.0825447 0.0934507 0.0991804 0.1001280 0.0664190 0.0621109 0.6386013 0.6386013 0.6550179 0.6007790 0.6007790 0.5974871 0.6024264 0.6080280 
Influenza_A_virus_A/mallard/ALB/7/1998_HN1                                 0.0164437 0.0039969 0.0039969 0.0059938 0.0059938 0.0060194 0.0060100 0.0060058 0.0080271 0.0040018 0.0019936 0.0019936 0.0000000 0.0039949 0.0040119 0.0060297 0.0040126 0.0039848 0.0101109 0.0121609 0.0162824 0.0288070 0.0142355 0.0240144 0.0121003 0.0182037 0.0182956 0.0123302 0.0141558 0.0289780 0.0154570 0.0203599 0.0227386 0.0227386 0.0270229 0.0470179 0.0381921 0.0337450 0.0435234 0.0613420 0.0488653 0.0532206 0.0623328 0.0623617 0.0647185 0.0720011 0.0696684 0.0799325 0.0906716 0.0963520 0.0996676 0.0687988 0.0618443 0.6350506 0.6350506 0.6514111 0.5973840 0.5973840 0.5941000 0.5990175 0.6045904 
Influenza_A_virus_A/northern_shoveler/Mississippi/09OS025/2009_H12N5       0.0206934 0.0039901 0.0039901 0.0059834 0.0059834 0.0060089 0.0059995 0.0059953 0.0080129 0.0039949 0.0019902 0.0019902 0.0039949 0.0000000 0.0040050 0.0060191 0.0040056 0.0080230 0.0100929 0.0121390 0.0162524 0.0287511 0.0142095 0.0239678 0.0120786 0.0181702 0.0182617 0.0165523 0.0183214 0.0333290 0.0154273 0.0203219 0.0226952 0.0226952 0.0249815 0.0471869 0.0337819 0.0336768 0.0390381 0.0661233 0.0512718 0.0556517 0.0648303 0.0648599 0.0672376 0.0768158 0.0745923 0.0848674 0.0958800 0.1016428 0.1025744 0.0686435 0.0598320 0.6430509 0.6430509 0.6594594 0.6052206 0.6052206 0.6019356 0.6068775 0.6124871 
Influenza_A_virus_A/northern_shoveler/Calinia/AKS273/2007_H8N              0.0207830 0.0040070 0.0040070 0.0060088 0.0060088 0.0060346 0.0060251 0.0039763 0.0059788 0.0040119 0.0019987 0.0019987 0.0040119 0.0040050 0.0000000 0.0019876 0.0040228 0.0080571 0.0101360 0.0080185 0.0120789 0.0244322 0.0100569 0.0196044 0.0121300 0.0140077 0.0183395 0.0122985 0.0162023 0.0334720 0.0154963 0.0204083 0.0205265 0.0205265 0.0262687 0.0518119 0.0335900 0.0292124 0.0388162 0.0664115 0.0514926 0.0558903 0.0651074 0.0651372 0.0675253 0.0771450 0.0745501 0.0852336 0.0963061 0.1020837 0.1030089 0.0661914 0.0594967 0.6321465 0.6321465 0.6484913 0.5945410 0.5945410 0.5912577 0.5961657 0.6017246 
Influenza_A_virus_A/turkey/Ontario/6118/1968_H8N                           0.0229037 0.0060222 0.0060222 0.0080270 0.0080270 0.0080616 0.0080488 0.0059760 0.0079871 0.0060296 0.0040052 0.0040052 0.0060297 0.0060191 0.0019876 0.0000000 0.0060459 0.0100906 0.0121858 0.0100423 0.0141186 0.0260201 0.0120914 0.0217211 0.0141777 0.0160376 0.0204131 0.0143765 0.0182615 0.0356224 0.0176570 0.0224886 0.0226201 0.0226201 0.0284186 0.0540412 0.0354005 0.0309371 0.0407285 0.0687214 0.0537184 0.0581227 0.0673673 0.0673975 0.0697962 0.0795217 0.0769581 0.0877121 0.0989736 0.1048127 0.1057199 0.0684065 0.0617900 0.6289300 0.6289300 0.6452695 0.5994399 0.5994399 0.5961597 0.6010776 0.6066537 
Influenza_A_virus_A/Mallard_Duck/Alberta/32/83_H12N1                       0.0207896 0.0040077 0.0040077 0.0060099 0.0060099 0.0060356 0.0060262 0.0060219 0.0080486 0.0040126 0.0019989 0.0019989 0.0040126 0.0040056 0.0040228 0.0060459 0.0000000 0.0080587 0.0101382 0.0100870 0.0163263 0.0288843 0.0142740 0.0240803 0.0121328 0.0182523 0.0183447 0.0166290 0.0184051 0.0334861 0.0155006 0.0204145 0.0228005 0.0228005 0.0270965 0.0518415 0.0336174 0.0314861 0.0436428 0.0664574 0.0515218 0.0559238 0.0651509 0.0651808 0.0675717 0.0772035 0.0749779 0.0853036 0.0963952 0.1021824 0.1031081 0.0663352 0.0647359 0.6452823 0.6452823 0.6617488 0.6073051 0.6073051 0.6040109 0.6089727 0.6146075 
Influenza_A_virus_A/mallard/ALB/19/1992_H8N                                0.0206376 0.0080271 0.0080271 0.0100305 0.0100305 0.0100739 0.0100579 0.0100509 0.0120898 0.0080371 0.0060059 0.0060059 0.0039848 0.0080230 0.0080571 0.0100906 0.0080587 0.0000000 0.0142117 0.0162789 0.0162695 0.0287834 0.0183751 0.0239945 0.0161978 0.0223317 0.0224463 0.0165079 0.0182730 0.0332369 0.0197733 0.0245246 0.0269762 0.0269762 0.0312998 0.0514395 0.0382182 0.0337677 0.0390857 0.0659218 0.0488227 0.0576536 0.0668196 0.0668494 0.0692267 0.0765799 0.0743581 0.0846001 0.0955611 0.1012886 0.1045592 0.0733040 0.0664545 0.6347814 0.6347814 0.6511339 0.5971304 0.5971304 0.5938470 0.5987628 0.6043333 
Influenza_A_virus_A/duck/Mongolia/7/2001_H7N1                              0.0229315 0.0060298 0.0060298 0.0080370 0.0080370 0.0080717 0.0080589 0.0080532 0.0100904 0.0101108 0.0080595 0.0080595 0.0101109 0.0100929 0.0101360 0.0121858 0.0101382 0.0142117 0.0000000 0.0142664 0.0184176 0.0310223 0.0163588 0.0262432 0.0142150 0.0245084 0.0183497 0.0230397 0.0247223 0.0400297 0.0220291 0.0183616 0.0249391 0.0249391 0.0271277 0.0586371 0.0449691 0.0404502 0.0413927 0.0687908 0.0540027 0.0584287 0.0677201 0.0677509 0.0701619 0.0749612 0.0738928 0.0830193 0.0950568 0.1056347 0.1055713 0.0712524 0.0718209 0.6471486 0.6471486 0.6571851 0.6122411 0.6122411 0.6089644 0.6139139 0.6195405 
Influenza_A_virus_A/quail/Italy/1117/1965_H10N8                            0.0250752 0.0080581 0.0080581 0.0100690 0.0100690 0.0101128 0.0100966 0.0079962 0.0100191 0.0121608 0.0100974 0.0100974 0.0121609 0.0121390 0.0080185 0.0100423 0.0100870 0.0162789 0.0142664 0.0000000 0.0120862 0.0244476 0.0141566 0.0196168 0.0204192 0.0181505 0.0267480 0.0207140 0.0245490 0.0422304 0.0242091 0.0288496 0.0227101 0.0227101 0.0306260 0.0577735 0.0399685 0.0334791 0.0432850 0.0711704 0.0560522 0.0604710 0.0651193 0.0651496 0.0675807 0.0819225 0.0805714 0.0901205 0.0985568 0.1042628 0.1041999 0.0615733 0.0689784 0.6355292 0.6355292 0.6455380 0.6018531 0.6018531 0.5985681 0.6035002 0.6090950 
Influenza_A_virus_A/Viet_Nam/1203/200_H5N1                                 0.0293766 0.0121382 0.0121382 0.0141553 0.0141553 0.0142175 0.0141945 0.0120450 0.0140856 0.0162822 0.0141955 0.0141955 0.0162824 0.0162524 0.0120789 0.0141186 0.0163263 0.0162695 0.0184176 0.0120862 0.0000000 0.0120274 0.0100412 0.0079896 0.0204372 0.0222477 0.0267732 0.0249632 0.0287575 0.0466267 0.0285703 0.0330998 0.0269500 0.0269500 0.0305103 0.0654904 0.0468034 0.0422991 0.0388850 0.0758766 0.0514904 0.0604217 0.0697377 0.0697685 0.0675236 0.0856095 0.0842991 0.0938975 0.1008342 0.1066575 0.1114873 0.0707612 0.0711686 0.6252305 0.6252305 0.6351898 0.5907778 0.5907778 0.5874931 0.5923920 0.5979365 
Influenza_A_virus_A/chicken/Egypt/0891/2008_H5N1                           0.0382173 0.0245488 0.0245488 0.0265773 0.0265773 0.0266978 0.0266529 0.0243617 0.0264501 0.0288063 0.0266549 0.0266549 0.0288070 0.0287511 0.0244322 0.0260201 0.0288843 0.0287834 0.0310223 0.0244476 0.0120274 0.0000000 0.0223453 0.0202070 0.0330479 0.0306870 0.0395256 0.0378563 0.0415069 0.0598679 0.0417137 0.0459538 0.0355113 0.0355113 0.0435031 0.0746150 0.0559202 0.0513243 0.0479383 0.0813599 0.0599110 0.0689263 0.0783606 0.0783929 0.0749745 0.0822314 0.0852145 0.0905896 0.1019789 0.1078791 0.1127628 0.0714894 0.0851575 0.6306987 0.6306987 0.6406989 0.6031501 0.6031501 0.5998731 0.6047970 0.6103841 
Influenza_A_virus_A/chicken/Rostock/5/193_H7N1                             0.0229551 0.0101065 0.0101065 0.0121232 0.0121232 0.0121762 0.0121566 0.0100288 0.0120632 0.0142353 0.0121575 0.0121575 0.0142355 0.0142095 0.0100569 0.0120914 0.0142740 0.0183751 0.0163588 0.0141566 0.0100412 0.0223453 0.0000000 0.0174784 0.0183795 0.0202105 0.0246972 0.0228646 0.0266844 0.0444875 0.0264235 0.0310124 0.0269172 0.0269172 0.0283917 0.0633026 0.0446544 0.0401626 0.0411733 0.0689088 0.0583985 0.0628320 0.0721673 0.0721986 0.0699836 0.0833782 0.0820388 0.0916360 0.0992046 0.1049935 0.1098090 0.0731603 0.0688571 0.6351118 0.6351118 0.6450621 0.5975605 0.5975605 0.5942883 0.5991888 0.6047432 
Influenza_A_virus_A/chicken/Yokoma/aq55/2001_H9N2                          0.0376413 0.0197014 0.0197014 0.0217761 0.0217761 0.0218760 0.0218389 0.0195470 0.0216683 0.0240139 0.0218405 0.0218405 0.0240144 0.0239678 0.0196044 0.0217211 0.0240803 0.0239945 0.0262432 0.0196168 0.0079896 0.0202070 0.0174784 0.0000000 0.0283025 0.0300679 0.0348258 0.0330783 0.0368333 0.0552055 0.0369054 0.0412957 0.0350674 0.0350674 0.0387710 0.0744745 0.0554254 0.0508158 0.0474123 0.0852054 0.0605053 0.0695255 0.0787854 0.0788180 0.0767487 0.0949888 0.0937883 0.1034939 0.1095894 0.1155160 0.1203653 0.0751366 0.0800604 0.6391830 0.6391830 0.6492742 0.6060197 0.6060197 0.6027117 0.6076906 0.6133439 
Influenza_A_virus_A/whiskered_tern/Egypt/0/200_H6N2                        0.0292432 0.0120850 0.0120850 0.0140933 0.0140933 0.0141550 0.0141322 0.0141226 0.0161776 0.0121002 0.0100471 0.0100471 0.0121003 0.0120786 0.0121300 0.0141777 0.0121328 0.0161978 0.0142150 0.0204192 0.0204372 0.0330479 0.0183795 0.0283025 0.0000000 0.0223371 0.0183113 0.0250651 0.0267100 0.0420196 0.0240843 0.0245307 0.0312301 0.0312301 0.0355909 0.0564240 0.0469779 0.0424595 0.0479879 0.0755217 0.0603015 0.0647157 0.0740220 0.0740532 0.0764785 0.0816575 0.0795431 0.0898314 0.0907557 0.1013099 0.1026911 0.0736438 0.0738559 0.6571796 0.6571796 0.6736922 0.6042031 0.6042031 0.6009157 0.6058583 0.6114678 
Influenza_A_virus_A/environment/New_York/30732-1/2005_H7N2                 0.0355866 0.0181801 0.0181801 0.0201887 0.0201887 0.0202782 0.0202450 0.0180420 0.0200914 0.0182034 0.0161239 0.0161239 0.0182037 0.0181702 0.0140077 0.0160376 0.0182523 0.0223317 0.0245084 0.0181505 0.0222477 0.0306870 0.0202105 0.0300679 0.0223371 0.0000000 0.0286405 0.0268654 0.0306067 0.0483846 0.0304833 0.0349266 0.0351396 0.0351396 0.0411834 0.0639073 0.0485678 0.0440916 0.0495781 0.0736417 0.0581640 0.0667534 0.0760885 0.0761205 0.0785026 0.0840480 0.0859040 0.0969259 0.0993057 0.1050346 0.1107112 0.0728627 0.0752009 0.6405050 0.6405050 0.6567985 0.6039366 0.6039366 0.6006725 0.6055792 0.6111478 
Influenza_A_virus_A/chicken/Chis/1522/1997_H5N2                            0.0358569 0.0182717 0.0182717 0.0162435 0.0202910 0.0203815 0.0203479 0.0203345 0.0224183 0.0182953 0.0162045 0.0162045 0.0182956 0.0182617 0.0183395 0.0204131 0.0183447 0.0224463 0.0183497 0.0267480 0.0267732 0.0395256 0.0246972 0.0348258 0.0183113 0.0286405 0.0000000 0.0293538 0.0331238 0.0486591 0.0306497 0.0268019 0.0377549 0.0377549 0.0421824 0.0633200 0.0515652 0.0469975 0.0526134 0.0806252 0.0671934 0.0716298 0.0744783 0.0745099 0.0743924 0.0847831 0.0827239 0.0930952 0.1010195 0.1118342 0.1175747 0.0828297 0.0767489 0.6527427 0.6527427 0.6691418 0.6199684 0.6199684 0.6167045 0.6216563 0.6272943 
Influenza_A_virus_A/red-winged_tinamou/Argentina/MP1/2008_H1N1             0.0298274 0.0165615 0.0165615 0.0186233 0.0186233 0.0187078 0.0186764 0.0164322 0.0185308 0.0165832 0.0144562 0.0144562 0.0123302 0.0165523 0.0122985 0.0143765 0.0166290 0.0165079 0.0230397 0.0207140 0.0249632 0.0378563 0.0228646 0.0330783 0.0250651 0.0268654 0.0293538 0.0000000 0.0020060 0.0186781 0.0246636 0.0337356 0.0339464 0.0339464 0.0401456 0.0342900 0.0452638 0.0407041 0.0507550 0.0771615 0.0592555 0.0637593 0.0709016 0.0709329 0.0708782 0.0785699 0.0759550 0.0868450 0.0982242 0.1041425 0.1071688 0.0764759 0.0460196 0.6036955 0.6036955 0.6201345 0.5673741 0.5673741 0.5640481 0.5689358 0.5744410 
Influenza_A_virus_A/rosy-billed_pocrd/Argentina/CIP051-557/2007_H6N2       0.0314250 0.0183315 0.0183315 0.0203588 0.0203588 0.0204499 0.0204160 0.0162414 0.0183149 0.0183553 0.0162563 0.0162563 0.0141558 0.0183214 0.0162023 0.0182615 0.0184051 0.0182730 0.0247223 0.0245490 0.0287575 0.0415069 0.0266844 0.0368333 0.0267100 0.0306067 0.0331238 0.0020060 0.0000000 0.0183026 0.0263734 0.0352499 0.0335364 0.0335364 0.0399428 0.0357489 0.0488924 0.0443802 0.0543308 0.0779885 0.0603777 0.0648018 0.0741308 0.0741622 0.0765938 0.0793633 0.0746822 0.0874972 0.0986819 0.1044868 0.1074496 0.0755091 0.0473453 0.6115107 0.6115107 0.6277251 0.5710671 0.5710671 0.5677886 0.5726180 0.5780614 
Influenza_A_virus_A/equine/Sao_Paulo/6/1963_H3N8                           0.0471439 0.0333487 0.0333487 0.0354061 0.0354061 0.0355716 0.0355095 0.0354878 0.0376558 0.0333947 0.0311963 0.0311963 0.0289780 0.0333290 0.0334720 0.0356224 0.0334861 0.0332369 0.0400297 0.0422304 0.0466267 0.0598679 0.0444875 0.0552055 0.0420196 0.0483846 0.0486591 0.0186781 0.0183026 0.0000000 0.0421415 0.0379327 0.0493793 0.0493793 0.0538919 0.0248459 0.0678848 0.0631596 0.0690346 0.0860100 0.0666760 0.0724088 0.0819211 0.0819539 0.0797245 0.0873279 0.0853264 0.0957034 0.1073911 0.1133454 0.1162405 0.0924958 0.0618497 0.6209802 0.6209802 0.6312972 0.5802054 0.5802054 0.5769172 0.5878328 0.5933410 
Influenza_A_virus_A/blue-winged_teal/Guatemala/CIP09-02/2008_H7N9          0.0334606 0.0154361 0.0154361 0.0175468 0.0175468 0.0176279 0.0175979 0.0175856 0.0197476 0.0154567 0.0132731 0.0132731 0.0154570 0.0154273 0.0154963 0.0176570 0.0155006 0.0197733 0.0220291 0.0242091 0.0285703 0.0417137 0.0264235 0.0369054 0.0240843 0.0304833 0.0306497 0.0246636 0.0263734 0.0421415 0.0000000 0.0328213 0.0354977 0.0354977 0.0400276 0.0612316 0.0493676 0.0447259 0.0501708 0.0815663 0.0655745 0.0701072 0.0796958 0.0747266 0.0822363 0.0923163 0.0904133 0.1008788 0.1129281 0.1190017 0.1198043 0.0835373 0.0747999 0.6676548 0.6676548 0.6843520 0.6202883 0.6202883 0.6169588 0.6220111 0.6277644 
Influenza_A_virus_A/ruddy_turnstone/DE/773/1988_H9N6                       0.0367318 0.0203331 0.0203331 0.0183023 0.0223542 0.0224543 0.0224171 0.0224025 0.0244941 0.0203595 0.0182580 0.0182580 0.0203599 0.0203219 0.0204083 0.0224886 0.0204145 0.0245246 0.0183616 0.0288496 0.0330998 0.0459538 0.0310124 0.0412957 0.0245307 0.0349266 0.0268019 0.0337356 0.0352499 0.0379327 0.0328213 0.0000000 0.0356117 0.0356117 0.0378081 0.0522908 0.0537979 0.0492108 0.0547519 0.0771217 0.0652625 0.0697198 0.0749321 0.0749643 0.0727339 0.0812912 0.0791439 0.0895453 0.1022145 0.1130223 0.1138596 0.0776659 0.0743372 0.6342537 0.6342537 0.6505852 0.6047330 0.6047330 0.6014702 0.6123572 0.6179317 
Influenza_A_virus_A/gray_teal/Western_Australia/180/1979_HN                0.0313817 0.0184916 0.0184916 0.0205361 0.0205361 0.0206288 0.0205943 0.0163831 0.0184747 0.0227382 0.0205959 0.0205959 0.0227386 0.0226952 0.0205265 0.0226201 0.0228005 0.0269762 0.0249391 0.0227101 0.0269500 0.0355113 0.0269172 0.0350674 0.0312301 0.0351396 0.0377549 0.0339464 0.0335364 0.0493793 0.0354977 0.0356117 0.0000000 0.0000010 0.0402953 0.0623304 0.0563630 0.0517281 0.0573574 0.0733109 0.0581246 0.0625453 0.0697490 0.0697799 0.0721989 0.0794749 0.0759763 0.0876362 0.0998801 0.1056664 0.1056028 0.0677481 0.0822243 0.6248916 0.6248916 0.6347697 0.5950420 0.5950420 0.5917892 0.6026225 0.6081378 
Influenza_A_virus_A/sooty_tern/Western_Australia/2190/1983_H15N9           0.0313817 0.0184916 0.0184916 0.0205361 0.0205361 0.0206288 0.0205943 0.0163831 0.0184747 0.0227382 0.0205959 0.0205959 0.0227386 0.0226952 0.0205265 0.0226201 0.0228005 0.0269762 0.0249391 0.0227101 0.0269500 0.0355113 0.0269172 0.0350674 0.0312301 0.0351396 0.0377549 0.0339464 0.0335364 0.0493793 0.0354977 0.0356117 0.0000010 0.0000000 0.0402953 0.0623304 0.0563630 0.0517281 0.0573574 0.0733109 0.0581246 0.0625453 0.0697490 0.0697799 0.0721989 0.0794749 0.0759763 0.0876362 0.0998801 0.1056664 0.1056028 0.0677481 0.0822243 0.6248916 0.6248916 0.6347697 0.5950420 0.5950420 0.5917892 0.6026225 0.6081378 
Influenza_A_virus_A/bar_headed_goose/Mongolia/13/2005_H12N3                0.0407435 0.0227263 0.0227263 0.0247793 0.0247793 0.0205844 0.0248504 0.0225945 0.0247065 0.0270223 0.0248523 0.0248523 0.0270229 0.0249815 0.0262687 0.0284186 0.0270965 0.0312998 0.0271277 0.0306260 0.0305103 0.0435031 0.0283917 0.0387710 0.0355909 0.0411834 0.0421824 0.0401456 0.0399428 0.0538919 0.0400276 0.0378081 0.0402953 0.0402953 0.0000000 0.0666045 0.0611571 0.0583909 0.0586866 0.0837679 0.0717421 0.0762960 0.0859721 0.0860060 0.0837500 0.0936213 0.0901408 0.1046839 0.1127377 0.1217736 0.1217109 0.0830908 0.0766525 0.6312838 0.6312838 0.6412999 0.6001947 0.6001947 0.5969101 0.5905304 0.5960640 
Influenza_A_virus_A/equine/Argentina/1/1977_H7N7                           0.0662649 0.0516223 0.0516223 0.0495126 0.0537085 0.0539710 0.0493769 0.0538415 0.0560961 0.0516987 0.0493804 0.0493804 0.0470179 0.0471869 0.0518119 0.0540412 0.0518415 0.0514395 0.0586371 0.0577735 0.0654904 0.0746150 0.0633026 0.0744745 0.0564240 0.0639073 0.0633200 0.0342900 0.0357489 0.0248459 0.0612316 0.0522908 0.0623304 0.0623304 0.0666045 0.0000000 0.0761348 0.0758730 0.0867230 0.1093188 0.0914475 0.0970472 0.0965964 0.0966311 0.0997352 0.1037379 0.1020989 0.1125613 0.1174373 0.1235818 0.1220051 0.1035374 0.0727850 0.6218649 0.6218649 0.6316187 0.5899604 0.5899604 0.5866804 0.5975934 0.6031336 
Influenza_A_virus_A/herring_gull/DE/75/1986_H13N2                          0.0571256 0.0381366 0.0381366 0.0380698 0.0402210 0.0405020 0.0359381 0.0378420 0.0400296 0.0381907 0.0359407 0.0359407 0.0381921 0.0337819 0.0335900 0.0354005 0.0336174 0.0382182 0.0449691 0.0399685 0.0468034 0.0559202 0.0446544 0.0554254 0.0469779 0.0485678 0.0515652 0.0452638 0.0488924 0.0678848 0.0493676 0.0537979 0.0563630 0.0563630 0.0611571 0.0761348 0.0000000 0.0060051 0.0402024 0.1011748 0.0899528 0.0945259 0.1021095 0.1021442 0.1047558 0.1091737 0.1071803 0.1165811 0.1303167 0.1351396 0.1328546 0.0875517 0.0898772 0.6301869 0.6301869 0.6464350 0.5971182 0.5971182 0.5938573 0.5987395 0.6042728 
Influenza_A_virus_A/herring_gull/DE/712/1988_H16N3                         0.0524222 0.0336970 0.0336970 0.0336377 0.0357750 0.0360219 0.0315195 0.0334364 0.0356035 0.0337440 0.0315219 0.0315219 0.0337450 0.0336768 0.0292124 0.0309371 0.0314861 0.0337677 0.0404502 0.0334791 0.0422991 0.0513243 0.0401626 0.0508158 0.0424595 0.0440916 0.0469975 0.0407041 0.0443802 0.0631596 0.0447259 0.0492108 0.0517281 0.0517281 0.0583909 0.0758730 0.0060051 0.0000000 0.0400759 0.0960849 0.0850129 0.0895710 0.0970920 0.0971265 0.0997118 0.1039993 0.1018979 0.1112890 0.1248442 0.1294001 0.1271858 0.0804309 0.0895542 0.6202620 0.6202620 0.6364895 0.5873009 0.5873009 0.5840322 0.5888969 0.5943985 
Influenza_A_virus_A/Mongolian_gull/Mongolia/01/2007_H13N6                  0.0581369 0.0390014 0.0390014 0.0389326 0.0411016 0.0403751 0.0412250 0.0386980 0.0409051 0.0435216 0.0412280 0.0412280 0.0435234 0.0390381 0.0388162 0.0407285 0.0436428 0.0390857 0.0413927 0.0432850 0.0388850 0.0479383 0.0411733 0.0474123 0.0479879 0.0495781 0.0526134 0.0507550 0.0543308 0.0690346 0.0501708 0.0547519 0.0573574 0.0573574 0.0586866 0.0867230 0.0402024 0.0400759 0.0000000 0.0958144 0.0822626 0.0916866 0.0993030 0.0941224 0.1019574 0.1059017 0.1048197 0.1109214 0.1200176 0.1277523 0.1293534 0.0970007 0.0944760 0.6307922 0.6307922 0.6346694 0.5918938 0.5918938 0.5886708 0.5934811 0.5989269 
Influenza_A_virus_A/Puerto_Rico/8/193_H1N1                                 0.0420665 0.0615126 0.0615126 0.0614069 0.0636368 0.0591070 0.0638344 0.0638015 0.0661295 0.0662717 0.0638388 0.0638388 0.0613420 0.0661233 0.0664115 0.0687214 0.0664574 0.0659218 0.0687908 0.0711704 0.0758766 0.0813599 0.0689088 0.0852054 0.0755217 0.0736417 0.0806252 0.0771615 0.0779885 0.0860100 0.0815663 0.0771217 0.0733109 0.0733109 0.0837679 0.1093188 0.1011748 0.0960849 0.0958144 0.0000000 0.0890943 0.0885535 0.0935393 0.0958018 0.0937992 0.0510017 0.0606786 0.0606952 0.0778891 0.0907079 0.0929219 0.1134722 0.1209882 0.6956830 0.6956830 0.7060787 0.6481693 0.6481693 0.6448528 0.6559915 0.6618460 
Influenza_A_virus_A/swine/Tennessee/1/1975_H1N1                            0.0486840 0.0468335 0.0468335 0.0489163 0.0489163 0.0491532 0.0490632 0.0490355 0.0512721 0.0513801 0.0490667 0.0490667 0.0488653 0.0512718 0.0514926 0.0537184 0.0515218 0.0488227 0.0540027 0.0560522 0.0514904 0.0599110 0.0583985 0.0605053 0.0603015 0.0581640 0.0671934 0.0592555 0.0603777 0.0666760 0.0655745 0.0652625 0.0581246 0.0581246 0.0717421 0.0914475 0.0899528 0.0850129 0.0822626 0.0890943 0.0000000 0.0184035 0.0311213 0.0312381 0.0331191 0.0922004 0.0913882 0.1052691 0.1089256 0.1148131 0.1163711 0.1088367 0.1095449 0.6623491 0.6623491 0.6665358 0.6109378 0.6109378 0.6076307 0.6218443 0.6275515 
Influenza_A_virus_A/swine/Hong_Kong/103/1993_H1N1                          0.0528522 0.0511979 0.0511979 0.0532766 0.0532766 0.0535358 0.0534371 0.0534079 0.0556535 0.0557705 0.0534408 0.0534408 0.0532206 0.0556517 0.0558903 0.0581227 0.0559238 0.0576536 0.0584287 0.0604710 0.0604217 0.0689263 0.0628320 0.0695255 0.0647157 0.0667534 0.0716298 0.0637593 0.0648018 0.0724088 0.0701072 0.0697198 0.0625453 0.0625453 0.0762960 0.0970472 0.0945259 0.0895710 0.0916866 0.0885535 0.0184035 0.0000000 0.0202459 0.0243668 0.0222272 0.0922047 0.0913931 0.1052645 0.1089179 0.1148004 0.1163572 0.1110086 0.1094855 0.6646410 0.6646410 0.6688043 0.6136342 0.6136342 0.6103587 0.6244539 0.6301190 
Influenza_A_virus_A/Calinia/0/2009_H1N1                                    0.0595930 0.0603187 0.0603187 0.0582110 0.0624005 0.0627088 0.0625902 0.0625583 0.0648358 0.0649724 0.0625945 0.0625945 0.0623328 0.0648303 0.0651074 0.0673673 0.0651509 0.0668196 0.0677201 0.0651193 0.0697377 0.0783606 0.0721673 0.0787854 0.0740220 0.0760885 0.0744783 0.0709016 0.0741308 0.0819211 0.0796958 0.0749321 0.0697490 0.0697490 0.0859721 0.0965964 0.1021095 0.0970920 0.0993030 0.0935393 0.0311213 0.0202459 0.0000000 0.0080120 0.0251514 0.0952709 0.0944984 0.1084987 0.1129603 0.1189086 0.1204472 0.1161688 0.1155097 0.6772413 0.6772413 0.6814884 0.6322329 0.6322329 0.6289600 0.6431492 0.6488883 
Influenza_A_virus_A/swine/Argentina/CIP051-StaFeN2/2010_H1N2               0.0598201 0.0603473 0.0603473 0.0582392 0.0624295 0.0627380 0.0626194 0.0625874 0.0648654 0.0650021 0.0626236 0.0626236 0.0623617 0.0648599 0.0651372 0.0673975 0.0651808 0.0668494 0.0677509 0.0651496 0.0697685 0.0783929 0.0721986 0.0788180 0.0740532 0.0761205 0.0745099 0.0709329 0.0741622 0.0819539 0.0747266 0.0749643 0.0697799 0.0697799 0.0860060 0.0966311 0.1021442 0.0971265 0.0941224 0.0958018 0.0312381 0.0243668 0.0080120 0.0000000 0.0293954 0.0973061 0.0965669 0.1105261 0.1150379 0.1209847 0.1225053 0.1162032 0.1155448 0.6766133 0.6766133 0.6808613 0.6171120 0.6171120 0.6138266 0.6279841 0.6336806 
Influenza_A_virus_A/swine/Korea/PZ72-1/2006_H3N1                           0.0597593 0.0627035 0.0627035 0.0605909 0.0647896 0.0651113 0.0649873 0.0649547 0.0672443 0.0673862 0.0649916 0.0649916 0.0647185 0.0672376 0.0675253 0.0697962 0.0675717 0.0692267 0.0701619 0.0675807 0.0675236 0.0749745 0.0699836 0.0767487 0.0764785 0.0785026 0.0743924 0.0708782 0.0765938 0.0797245 0.0822363 0.0727339 0.0721989 0.0721989 0.0837500 0.0997352 0.1047558 0.0997118 0.1019574 0.0937992 0.0331191 0.0222272 0.0251514 0.0293954 0.0000000 0.1003626 0.0996646 0.1137177 0.1233111 0.1293482 0.1265023 0.1141446 0.1132426 0.6540156 0.6540156 0.6581411 0.6172264 0.6172264 0.6139618 0.6280324 0.6336953 
Influenza_A_virus_A/Malaysia/5_H1N1                                        0.0568199 0.0722038 0.0722038 0.0700772 0.0743009 0.0697742 0.0745302 0.0744955 0.0768277 0.0769908 0.0745351 0.0745351 0.0720011 0.0768158 0.0771450 0.0795217 0.0772035 0.0765799 0.0749612 0.0819225 0.0856095 0.0822314 0.0833782 0.0949888 0.0816575 0.0840480 0.0847831 0.0785699 0.0793633 0.0873279 0.0923163 0.0812912 0.0794749 0.0794749 0.0936213 0.1037379 0.1091737 0.1039993 0.1059017 0.0510017 0.0922004 0.0922047 0.0952709 0.0973061 0.1003626 0.0000000 0.0122177 0.0163398 0.0439106 0.0605603 0.0675151 0.1095195 0.1192034 0.6524987 0.6524987 0.6627456 0.6173884 0.6173884 0.6140902 0.6251226 0.6308166 
Influenza_A_virus_A/El_Salvador/2/1957_H2N2                                0.0555327 0.0711006 0.0711006 0.0689400 0.0732313 0.0686377 0.0734608 0.0709598 0.0733186 0.0747658 0.0722556 0.0722556 0.0696684 0.0745923 0.0745501 0.0769581 0.0749779 0.0743581 0.0738928 0.0805714 0.0842991 0.0852145 0.0820388 0.0937883 0.0795431 0.0859040 0.0827239 0.0759550 0.0746822 0.0853264 0.0904133 0.0791439 0.0759763 0.0759763 0.0901408 0.1020989 0.1071803 0.1018979 0.1048197 0.0606786 0.0913882 0.0913931 0.0944984 0.0965669 0.0996646 0.0122177 0.0000000 0.0250245 0.0375103 0.0541089 0.0660776 0.1106747 0.1173864 0.6463594 0.6463594 0.6542684 0.6117259 0.6117259 0.6084557 0.6193810 0.6250004 
Influenza_A_virus_A/Brazil/11/1978_H1N1                                    0.0642286 0.0801639 0.0801639 0.0780136 0.0822820 0.0800684 0.0825394 0.0825034 0.0848844 0.0850665 0.0825447 0.0825447 0.0799325 0.0848674 0.0852336 0.0877121 0.0853036 0.0846001 0.0830193 0.0901205 0.0938975 0.0905896 0.0916360 0.1034939 0.0898314 0.0969259 0.0930952 0.0868450 0.0874972 0.0957034 0.1008788 0.0895453 0.0876362 0.0876362 0.1046839 0.1125613 0.1165811 0.1112890 0.1109214 0.0606952 0.1052691 0.1052645 0.1084987 0.1105261 0.1137177 0.0163398 0.0250245 0.0000000 0.0583040 0.0703135 0.0773632 0.1259269 0.1234248 0.6743864 0.6743864 0.6847021 0.6327858 0.6327858 0.6294864 0.6405486 0.6463107 
Influenza_A_virus_A/New_York/802/1993_H3N2                                 0.0750608 0.0920246 0.0920246 0.0910924 0.0898175 0.0894024 0.0944975 0.0944601 0.0969372 0.0961185 0.0934507 0.0934507 0.0906716 0.0958800 0.0963061 0.0989736 0.0963952 0.0955611 0.0950568 0.0985568 0.1008342 0.1019789 0.0992046 0.1095894 0.0907557 0.0993057 0.1010195 0.0982242 0.0986819 0.1073911 0.1129281 0.1022145 0.0998801 0.0998801 0.1127377 0.1174373 0.1303167 0.1248442 0.1200176 0.0778891 0.1089256 0.1089179 0.1129603 0.1150379 0.1233111 0.0439106 0.0375103 0.0583040 0.0000000 0.0228118 0.0420570 0.1307789 0.1371384 0.6860487 0.6860487 0.6973820 0.6477293 0.6477293 0.6444161 0.6555433 0.6613891 
Influenza_A_virus_A/Panama/2007/1999_H3N2                                  0.0803619 0.0976847 0.0976847 0.0967432 0.0954686 0.0975610 0.1001846 0.1001473 0.1026511 0.1018882 0.0991804 0.0991804 0.0963520 0.1016428 0.1020837 0.1048127 0.1021824 0.1012886 0.1056347 0.1042628 0.1066575 0.1078791 0.1049935 0.1155160 0.1013099 0.1050346 0.1118342 0.1041425 0.1044868 0.1133454 0.1190017 0.1130223 0.1056664 0.1056664 0.1217736 0.1235818 0.1351396 0.1294001 0.1277523 0.0907079 0.1148131 0.1148004 0.1189086 0.1209847 0.1293482 0.0605603 0.0541089 0.0703135 0.0228118 0.0000000 0.0225566 0.1446203 0.1466740 0.6747984 0.6747984 0.6861144 0.6367753 0.6367753 0.6334652 0.6445672 0.6503632 
Influenza_A_virus_A/Managua/10.02/2010_H3N2                                0.0825806 0.0976221 0.0976221 0.0966807 0.0954061 0.0974985 0.1001217 0.1000844 0.1025881 0.1028142 0.1001280 0.1001280 0.0996676 0.1025744 0.1030089 0.1057199 0.1031081 0.1045592 0.1055713 0.1041999 0.1114873 0.1127628 0.1098090 0.1203653 0.1026911 0.1107112 0.1175747 0.1071688 0.1074496 0.1162405 0.1198043 0.1138596 0.1056028 0.1056028 0.1217109 0.1220051 0.1328546 0.1271858 0.1293534 0.0929219 0.1163711 0.1163572 0.1204472 0.1225053 0.1265023 0.0675151 0.0660776 0.0773632 0.0420570 0.0225566 0.0000000 0.1350578 0.1439026 0.6496260 0.6496260 0.6630820 0.6124510 0.6124510 0.6091621 0.6201530 0.6258089 
Influenza_A_virus_A/slaty-backed_gull/Japan/6KS0191/2006_HN8               0.0831619 0.0641518 0.0641518 0.0662146 0.0662146 0.0618025 0.0664146 0.0618493 0.0641042 0.0687941 0.0664190 0.0664190 0.0687988 0.0686435 0.0661914 0.0684065 0.0663352 0.0733040 0.0712524 0.0615733 0.0707612 0.0714894 0.0731603 0.0751366 0.0736438 0.0728627 0.0828297 0.0764759 0.0755091 0.0924958 0.0835373 0.0776659 0.0677481 0.0677481 0.0830908 0.1035374 0.0875517 0.0804309 0.0970007 0.1134722 0.1088367 0.1110086 0.1161688 0.1162032 0.1141446 0.1095195 0.1106747 0.1259269 0.1307789 0.1446203 0.1350578 0.0000000 0.1129704 0.6701181 0.6701181 0.6802659 0.6478902 0.6478902 0.6446410 0.6555546 0.6612912 
Influenza_A_virus_A/semi-palmated_sandpiper/Brazil/3/1990_H2N1             0.0822940 0.0644518 0.0644518 0.0622847 0.0665909 0.0620139 0.0667995 0.0639531 0.0662839 0.0645535 0.0621109 0.0621109 0.0618443 0.0598320 0.0594967 0.0617900 0.0647359 0.0664545 0.0718209 0.0689784 0.0711686 0.0851575 0.0688571 0.0800604 0.0738559 0.0752009 0.0767489 0.0460196 0.0473453 0.0618497 0.0747999 0.0743372 0.0822243 0.0822243 0.0766525 0.0727850 0.0898772 0.0895542 0.0944760 0.1209882 0.1095449 0.1094855 0.1155097 0.1155448 0.1132426 0.1192034 0.1173864 0.1234248 0.1371384 0.1466740 0.1439026 0.1129704 0.0000000 0.6327309 0.6327309 0.6495203 0.5953913 0.5953913 0.5920161 0.5970644 0.6027853 
Influenza_A_virus_A/little_yellow-shouldered_bat/Guatemala/153/2009_H17N10 0.6475191 0.6418330 0.6418330 0.6392489 0.6443649 0.6394413 0.6415158 0.6406038 0.6438215 0.6431948 0.6386013 0.6386013 0.6350506 0.6430509 0.6321465 0.6289300 0.6452823 0.6347814 0.6471486 0.6355292 0.6252305 0.6306987 0.6351118 0.6391830 0.6571796 0.6405050 0.6527427 0.6036955 0.6115107 0.6209802 0.6676548 0.6342537 0.6248916 0.6248916 0.6312838 0.6218649 0.6301869 0.6202620 0.6307922 0.6956830 0.6623491 0.6646410 0.6772413 0.6766133 0.6540156 0.6524987 0.6463594 0.6743864 0.6860487 0.6747984 0.6496260 0.6701181 0.6327309 0.0000000 0.0000010 0.0100751 0.1047495 0.1047495 0.1025121 0.1072327 0.1099409 
Influenza_A_virus_A/little_yellow-shouldered_bat/Guatemala/16/2009_H17N10  0.6475191 0.6418330 0.6418330 0.6392489 0.6443649 0.6394413 0.6415158 0.6406038 0.6438215 0.6431948 0.6386013 0.6386013 0.6350506 0.6430509 0.6321465 0.6289300 0.6452823 0.6347814 0.6471486 0.6355292 0.6252305 0.6306987 0.6351118 0.6391830 0.6571796 0.6405050 0.6527427 0.6036955 0.6115107 0.6209802 0.6676548 0.6342537 0.6248916 0.6248916 0.6312838 0.6218649 0.6301869 0.6202620 0.6307922 0.6956830 0.6623491 0.6646410 0.6772413 0.6766133 0.6540156 0.6524987 0.6463594 0.6743864 0.6860487 0.6747984 0.6496260 0.6701181 0.6327309 0.0000010 0.0000000 0.0100751 0.1047495 0.1047495 0.1025121 0.1072327 0.1099409 
Influenza_A_virus_A/little_yellow-shouldered_bat/Guatemala/060/2010_H17N10 0.6576191 0.6518528 0.6518528 0.6492699 0.6543837 0.6495095 0.6515600 0.6505885 0.6538084 0.6596060 0.6550179 0.6550179 0.6514111 0.6594594 0.6484913 0.6452695 0.6617488 0.6511339 0.6571851 0.6455380 0.6351898 0.6406989 0.6450621 0.6492742 0.6736922 0.6567985 0.6691418 0.6201345 0.6277251 0.6312972 0.6843520 0.6505852 0.6347697 0.6347697 0.6412999 0.6316187 0.6464350 0.6364895 0.6346694 0.7060787 0.6665358 0.6688043 0.6814884 0.6808613 0.6581411 0.6627456 0.6542684 0.6847021 0.6973820 0.6861144 0.6630820 0.6802659 0.6495203 0.0100751 0.0100751 0.0000000 0.1106686 0.1106686 0.1084239 0.1131741 0.1159217 
Influenza_A_virus_A/dark_fruit-eating_bat/Bolivia/PBV780-781/2011_H18N11   0.6094203 0.6040119 0.6040119 0.6065493 0.6065493 0.6014337 0.6036026 0.6029193 0.6061362 0.6053548 0.6007790 0.6007790 0.5973840 0.6052206 0.5945410 0.5994399 0.6073051 0.5971304 0.6122411 0.6018531 0.5907778 0.6031501 0.5975605 0.6060197 0.6042031 0.6039366 0.6199684 0.5673741 0.5710671 0.5802054 0.6202883 0.6047330 0.5950420 0.5950420 0.6001947 0.5899604 0.5971182 0.5873009 0.5918938 0.6481693 0.6109378 0.6136342 0.6322329 0.6171120 0.6172264 0.6173884 0.6117259 0.6327858 0.6477293 0.6367753 0.6124510 0.6478902 0.5953913 0.1047495 0.1047495 0.1106686 0.0000000 0.0000010 0.0019727 0.0120652 0.0141217 
Influenza_A_virus_A/Noctilio_albiventris/Colombia/2023                     0.6094203 0.6040119 0.6040119 0.6065493 0.6065493 0.6014337 0.6036026 0.6029193 0.6061362 0.6053548 0.6007790 0.6007790 0.5973840 0.6052206 0.5945410 0.5994399 0.6073051 0.5971304 0.6122411 0.6018531 0.5907778 0.6031501 0.5975605 0.6060197 0.6042031 0.6039366 0.6199684 0.5673741 0.5710671 0.5802054 0.6202883 0.6047330 0.5950420 0.5950420 0.6001947 0.5899604 0.5971182 0.5873009 0.5918938 0.6481693 0.6109378 0.6136342 0.6322329 0.6171120 0.6172264 0.6173884 0.6117259 0.6327858 0.6477293 0.6367753 0.6124510 0.6478902 0.5953913 0.1047495 0.1047495 0.1106686 0.0000010 0.0000000 0.0019727 0.0120652 0.0141217 
