69
Influenza_A_virus_A/South_Carolina/1/18_H1N1                               0.0000000 0.0184275 0.0200259 0.0229779 0.0258644 0.0197148 0.0169004 0.0212631 0.0171702 0.0183307 0.0183508 0.0183738 0.0169394 0.0183835 0.0198649 0.0189952 0.0197848 0.0240145 0.0226297 0.0182914 0.0226359 0.0233299 0.0226109 0.0198852 0.0226576 0.0197153 0.0183404 0.0155394 0.0227763 0.0212434 0.0198708 0.0226893 0.0255696 0.0255711 0.0255945 0.0269894 0.0270343 0.0212006 0.0258327 0.0228663 0.0226343 0.0270842 0.0284143 0.0286151 0.0358675 0.0257776 0.0284712 0.0326681 0.0360133 0.0345444 0.0370109 0.0456735 0.0374512 0.0419101 0.0421848 0.0456886 0.0502837 0.0515648 0.0537614 0.0724975 0.0763065 0.7073677 0.7073677 0.7155750 0.6803995 0.6726059 0.6737945 0.6741317 0.6741317 
Influenza_A_virus_A/Puerto_Rico/8/193_H1N1                                 0.0184275 0.0000000 0.0244650 0.0274521 0.0303554 0.0350570 0.0321538 0.0367651 0.0306411 0.0332302 0.0332708 0.0333152 0.0322340 0.0337551 0.0337917 0.0334126 0.0351909 0.0395464 0.0377623 0.0335753 0.0381524 0.0390467 0.0381084 0.0353830 0.0377169 0.0350618 0.0336712 0.0319386 0.0383916 0.0367313 0.0353523 0.0351845 0.0380768 0.0380802 0.0381169 0.0395325 0.0396053 0.0336397 0.0416583 0.0381523 0.0392290 0.0396582 0.0441793 0.0445085 0.0505030 0.0416026 0.0392349 0.0490588 0.0516529 0.0475927 0.0532795 0.0597703 0.0443589 0.0489482 0.0563947 0.0526645 0.0509298 0.0522216 0.0576366 0.0828267 0.0814241 0.7294662 0.7294662 0.7401927 0.7020860 0.6940412 0.6953233 0.6886286 0.6886286 
Influenza_A_virus_A/Malaysia/5_H1N1                                        0.0200259 0.0244650 0.0000000 0.0055518 0.0083361 0.0379519 0.0350458 0.0380079 0.0355468 0.0365483 0.0365930 0.0366406 0.0351341 0.0366620 0.0367022 0.0375226 0.0380979 0.0424554 0.0410462 0.0364666 0.0410651 0.0419842 0.0410175 0.0383065 0.0411054 0.0350283 0.0365714 0.0337018 0.0401780 0.0396465 0.0382724 0.0380905 0.0441667 0.0441712 0.0442146 0.0426849 0.0427655 0.0395616 0.0446140 0.0414608 0.0349680 0.0380758 0.0441668 0.0438509 0.0503875 0.0445609 0.0441078 0.0490613 0.0552302 0.0505684 0.0534824 0.0577888 0.0505590 0.0552076 0.0567968 0.0620123 0.0314890 0.0328007 0.0387841 0.0809303 0.0848360 0.7400835 0.7400835 0.7510072 0.7115822 0.7034589 0.7047767 0.7052428 0.7052428 
Influenza_A_virus_A/Brazil/11/1978_H1N1                                    0.0229779 0.0274521 0.0055518 0.0000000 0.0083627 0.0410298 0.0381164 0.0410903 0.0386507 0.0396265 0.0396757 0.0397288 0.0382125 0.0397523 0.0397963 0.0406394 0.0411893 0.0455576 0.0441473 0.0395376 0.0441691 0.0451141 0.0410586 0.0414182 0.0442125 0.0380984 0.0396523 0.0367784 0.0433125 0.0427495 0.0413803 0.0411806 0.0472916 0.0472968 0.0473438 0.0458047 0.0458931 0.0426573 0.0477684 0.0445913 0.0380300 0.0411652 0.0472935 0.0469528 0.0566596 0.0477188 0.0472288 0.0522959 0.0584352 0.0537495 0.0567175 0.0643393 0.0537388 0.0584156 0.0600127 0.0653277 0.0316009 0.0329173 0.0389254 0.0866580 0.0905770 0.7479645 0.7479645 0.7589598 0.7201075 0.7119507 0.7132942 0.7137589 0.7137589 
Influenza_A_virus_A/El_Salvador/2/1957_H2N2                                0.0258644 0.0303554 0.0083361 0.0083627 0.0000000 0.0439625 0.0410545 0.0440271 0.0416179 0.0425659 0.0426193 0.0426765 0.0411597 0.0427021 0.0427496 0.0436089 0.0441344 0.0484928 0.0470879 0.0424706 0.0471125 0.0480755 0.0470574 0.0443810 0.0471587 0.0410361 0.0425943 0.0397302 0.0447615 0.0456986 0.0443394 0.0441246 0.0502401 0.0502459 0.0502960 0.0487554 0.0488508 0.0455998 0.0507421 0.0475564 0.0409610 0.0441084 0.0502438 0.0498812 0.0596173 0.0506968 0.0501740 0.0553219 0.0614039 0.0567196 0.0597229 0.0673925 0.0537048 0.0583764 0.0629835 0.0652794 0.0286924 0.0300192 0.0374757 0.0908404 0.0947184 0.7501162 0.7501162 0.7611130 0.7193401 0.7111971 0.7125361 0.7130011 0.7130011 
Influenza_A_virus_A/common_teal/Netherlands/10/2000_H1N1                   0.0197148 0.0350570 0.0379519 0.0410298 0.0439625 0.0000000 0.0041499 0.0041624 0.0070662 0.0055566 0.0083539 0.0083640 0.0069404 0.0083435 0.0097665 0.0055307 0.0055394 0.0096938 0.0125590 0.0083295 0.0097344 0.0111060 0.0097239 0.0097761 0.0112496 0.0083172 0.0083422 0.0111332 0.0126012 0.0111429 0.0097698 0.0083435 0.0153714 0.0153719 0.0153855 0.0167699 0.0167956 0.0069262 0.0112597 0.0127098 0.0153227 0.0168266 0.0153663 0.0140245 0.0254247 0.0154911 0.0225210 0.0219991 0.0240518 0.0241459 0.0298308 0.0397845 0.0298744 0.0342552 0.0343760 0.0403087 0.0597562 0.0580229 0.0570911 0.0709044 0.0795814 0.7022622 0.7022622 0.7065934 0.6627827 0.6550943 0.6562210 0.6569969 0.6569969 
Influenza_A_virus_A/duck/Mongolia/7/2001_H7N1                              0.0169004 0.0321538 0.0350458 0.0381164 0.0410545 0.0041499 0.0000000 0.0055694 0.0042345 0.0027734 0.0055598 0.0055665 0.0027668 0.0041577 0.0055621 0.0041572 0.0041637 0.0083280 0.0097527 0.0069235 0.0083224 0.0096932 0.0083135 0.0055675 0.0098188 0.0097326 0.0069340 0.0069357 0.0083738 0.0069415 0.0055641 0.0097634 0.0111443 0.0111446 0.0111543 0.0125388 0.0125574 0.0055533 0.0098759 0.0098706 0.0111092 0.0125806 0.0139339 0.0126520 0.0235473 0.0112295 0.0197089 0.0205069 0.0255421 0.0212755 0.0254964 0.0369304 0.0255338 0.0298899 0.0299969 0.0363110 0.0568182 0.0550924 0.0541444 0.0725153 0.0765926 0.7001917 0.7001917 0.7045197 0.6566067 0.6489449 0.6500509 0.6508278 0.6508278 
Influenza_A_virus_A/bar_headed_goose/Mongolia/13/2005_H12N3                0.0212631 0.0367651 0.0380079 0.0410903 0.0440271 0.0041624 0.0055694 0.0000000 0.0085339 0.0069914 0.0098104 0.0098224 0.0083833 0.0097981 0.0112356 0.0069585 0.0069697 0.0111511 0.0140463 0.0125849 0.0140069 0.0153801 0.0139917 0.0112467 0.0155770 0.0125662 0.0126044 0.0126071 0.0140938 0.0126183 0.0112393 0.0126060 0.0168791 0.0168797 0.0168948 0.0182868 0.0183153 0.0083659 0.0127505 0.0142154 0.0168253 0.0169138 0.0196962 0.0155293 0.0270150 0.0170120 0.0240857 0.0236064 0.0284925 0.0257373 0.0314596 0.0415354 0.0315057 0.0359215 0.0345618 0.0410541 0.0568673 0.0551398 0.0541912 0.0738599 0.0794954 0.6981572 0.6981572 0.7024587 0.6714431 0.6636868 0.6648465 0.6656245 0.6656245 
Influenza_A_virus_A/mallard_duck/ALB/2/1977_H1N6                           0.0171702 0.0306411 0.0355468 0.0386507 0.0416179 0.0070662 0.0042345 0.0085339 0.0000000 0.0027612 0.0027640 0.0027673 0.0042439 0.0056676 0.0071068 0.0070789 0.0070904 0.0113361 0.0069270 0.0084894 0.0099193 0.0113141 0.0099085 0.0071138 0.0114626 0.0099268 0.0085026 0.0085046 0.0099816 0.0085120 0.0071093 0.0099587 0.0128033 0.0128036 0.0128150 0.0142243 0.0142461 0.0069569 0.0129620 0.0098262 0.0127621 0.0142728 0.0156458 0.0157796 0.0233859 0.0129036 0.0182673 0.0224044 0.0260035 0.0201007 0.0257949 0.0357016 0.0274789 0.0319116 0.0320269 0.0384736 0.0552457 0.0535266 0.0525712 0.0716505 0.0748675 0.6930223 0.6930223 0.6972798 0.6534381 0.6457571 0.6468570 0.6476379 0.6476379 
Influenza_A_virus_A/blue-winged_teal/Guatemala/CIP09-02/2008_H7N9          0.0183307 0.0332302 0.0365483 0.0396265 0.0425659 0.0055566 0.0027734 0.0069914 0.0027612 0.0000000 0.0027634 0.0027667 0.0055663 0.0069706 0.0083928 0.0055664 0.0055752 0.0097570 0.0069253 0.0097498 0.0111617 0.0125352 0.0111497 0.0084010 0.0126968 0.0111700 0.0097647 0.0097670 0.0112308 0.0097754 0.0083957 0.0112054 0.0140118 0.0140122 0.0140246 0.0154144 0.0154378 0.0059718 0.0113345 0.0070092 0.0139673 0.0154665 0.0168181 0.0141180 0.0244940 0.0141206 0.0205586 0.0235371 0.0270748 0.0212304 0.0270354 0.0369220 0.0285363 0.0329275 0.0330447 0.0394456 0.0581516 0.0564084 0.0554594 0.0735482 0.0761642 0.6917848 0.6917848 0.6960204 0.6592421 0.6515524 0.6526696 0.6534477 0.6534477 
Influenza_A_virus_A/mallard/ALB/19/1992_H8N                                0.0183508 0.0332708 0.0365930 0.0396757 0.0426193 0.0083539 0.0055598 0.0098104 0.0027640 0.0027634 0.0000000 0.0027695 0.0055720 0.0069777 0.0084015 0.0083687 0.0083822 0.0125726 0.0069324 0.0097599 0.0111734 0.0125484 0.0111614 0.0084097 0.0127104 0.0111818 0.0097749 0.0097772 0.0112427 0.0097856 0.0084044 0.0112172 0.0140268 0.0140272 0.0140396 0.0154310 0.0154545 0.0089040 0.0141980 0.0098338 0.0139822 0.0154832 0.0168363 0.0169789 0.0245221 0.0141359 0.0205817 0.0235643 0.0271059 0.0212541 0.0270664 0.0369675 0.0285693 0.0329664 0.0330839 0.0394942 0.0582291 0.0564839 0.0555339 0.0736548 0.0762744 0.6896804 0.6896804 0.6939076 0.6570919 0.6493911 0.6505040 0.6512845 0.6512845 
Influenza_A_virus_A/mallard_duck/ALB/26/1976_H3N1                          0.0183738 0.0333152 0.0366406 0.0397288 0.0426765 0.0083640 0.0055665 0.0098224 0.0027673 0.0027667 0.0027695 0.0000000 0.0055787 0.0069862 0.0084118 0.0083789 0.0083925 0.0125880 0.0069408 0.0097718 0.0111871 0.0125638 0.0111750 0.0084200 0.0127261 0.0111955 0.0097869 0.0097891 0.0112565 0.0097976 0.0084147 0.0112310 0.0140441 0.0140445 0.0140569 0.0154500 0.0154736 0.0089153 0.0142158 0.0098459 0.0139994 0.0155024 0.0168572 0.0170002 0.0245536 0.0141534 0.0206079 0.0235948 0.0271405 0.0212808 0.0271009 0.0370169 0.0286059 0.0330090 0.0331268 0.0395467 0.0583109 0.0565618 0.0556118 0.0737634 0.0763863 0.6941177 0.6941177 0.6983857 0.6570570 0.6493481 0.6504620 0.6512435 0.6512435 
Influenza_A_virus_A/black_duck/Perth/699/1978_H3N8                         0.0169394 0.0322340 0.0351341 0.0382125 0.0411597 0.0069404 0.0027668 0.0083833 0.0042439 0.0055663 0.0055720 0.0055787 0.0000000 0.0013814 0.0027720 0.0069527 0.0069639 0.0111419 0.0097745 0.0069387 0.0083409 0.0097147 0.0083319 0.0041861 0.0098409 0.0097543 0.0069493 0.0069510 0.0083925 0.0069568 0.0055763 0.0097852 0.0111694 0.0111696 0.0111794 0.0125671 0.0125858 0.0083590 0.0127399 0.0127331 0.0111341 0.0097546 0.0139654 0.0155166 0.0236039 0.0112549 0.0197548 0.0205560 0.0256019 0.0213256 0.0255570 0.0353871 0.0244646 0.0288633 0.0300697 0.0364021 0.0552180 0.0535007 0.0525460 0.0692353 0.0733205 0.7047475 0.7047475 0.7091300 0.6608874 0.6531805 0.6543047 0.6550836 0.6550836 
Influenza_A_virus_A/gray_teal/Australia/1/1979_H6N1                        0.0183835 0.0337551 0.0366620 0.0397523 0.0427021 0.0083435 0.0041577 0.0097981 0.0056676 0.0069706 0.0069777 0.0069862 0.0013814 0.0000000 0.0041656 0.0083583 0.0083718 0.0125568 0.0111908 0.0083414 0.0097484 0.0111221 0.0097380 0.0055918 0.0112661 0.0111678 0.0083542 0.0083562 0.0098088 0.0083633 0.0069831 0.0112032 0.0125877 0.0125880 0.0125991 0.0139879 0.0140089 0.0097696 0.0141800 0.0141724 0.0125479 0.0111678 0.0153889 0.0169574 0.0250888 0.0126848 0.0212026 0.0220444 0.0241365 0.0227873 0.0270231 0.0369195 0.0259432 0.0303529 0.0315548 0.0379218 0.0568014 0.0550761 0.0541283 0.0708935 0.0749760 0.7085632 0.7085632 0.7129765 0.6640465 0.6563241 0.6574591 0.6582377 0.6582377 
Influenza_A_virus_A/sooty_tern/Western_Australia/2190/1983_H15N9           0.0198649 0.0337917 0.0367022 0.0397963 0.0427496 0.0097665 0.0055621 0.0112356 0.0071068 0.0083928 0.0084015 0.0084118 0.0027720 0.0041656 0.0000000 0.0097840 0.0097999 0.0139987 0.0126320 0.0097642 0.0111783 0.0125540 0.0111663 0.0041862 0.0127161 0.0126060 0.0097792 0.0097814 0.0112477 0.0097899 0.0084080 0.0126460 0.0140332 0.0140336 0.0140460 0.0154381 0.0154616 0.0112028 0.0156502 0.0156418 0.0139886 0.0126057 0.0168442 0.0184331 0.0266226 0.0141424 0.0226926 0.0235764 0.0285927 0.0242945 0.0285423 0.0385263 0.0274730 0.0319022 0.0331020 0.0395173 0.0568675 0.0551397 0.0541911 0.0668594 0.0709130 0.7070429 0.7070429 0.7132435 0.6631683 0.6554623 0.6565926 0.6573700 0.6573700 
Influenza_A_virus_A/mallard/Sweden/58/2003_H11N1                           0.0189952 0.0334126 0.0375226 0.0406394 0.0436089 0.0055307 0.0041572 0.0069585 0.0070789 0.0055664 0.0083687 0.0083789 0.0069527 0.0083583 0.0097840 0.0000000 0.0055492 0.0097110 0.0125816 0.0111335 0.0125464 0.0139159 0.0125328 0.0097936 0.0125580 0.0111171 0.0111506 0.0101927 0.0126239 0.0111628 0.0097873 0.0111521 0.0153992 0.0153997 0.0154133 0.0168002 0.0168260 0.0069384 0.0112800 0.0127329 0.0145052 0.0168571 0.0182027 0.0140498 0.0254716 0.0155192 0.0218602 0.0249627 0.0263074 0.0241907 0.0292951 0.0398612 0.0270580 0.0314366 0.0339054 0.0379142 0.0598768 0.0581394 0.0572062 0.0738848 0.0795747 0.7036142 0.7036142 0.7079640 0.6670445 0.6593379 0.6604787 0.6539820 0.6539820 
Influenza_A_virus_A/Mongolian_gull/Mongolia/01/2007_H13N6                  0.0197848 0.0351909 0.0380979 0.0411893 0.0441344 0.0055394 0.0041637 0.0069697 0.0070904 0.0055752 0.0083822 0.0083925 0.0069639 0.0083718 0.0097999 0.0055492 0.0000000 0.0069206 0.0126024 0.0111517 0.0097240 0.0139389 0.0125535 0.0098096 0.0141178 0.0111352 0.0111689 0.0111714 0.0126449 0.0111811 0.0098032 0.0111704 0.0154250 0.0154255 0.0154392 0.0168285 0.0168544 0.0069495 0.0084416 0.0127542 0.0153759 0.0168857 0.0182336 0.0140733 0.0255165 0.0155455 0.0226005 0.0250077 0.0240574 0.0242334 0.0299403 0.0399381 0.0299842 0.0343829 0.0345046 0.0378166 0.0600011 0.0582592 0.0556873 0.0709241 0.0775800 0.7002022 0.7002022 0.7045222 0.6616323 0.6539342 0.6550592 0.6558367 0.6558367 
Influenza_A_virus_A/aquatic_bird/India/NIV-17095/2007_H11N1                0.0240145 0.0395464 0.0424554 0.0455576 0.0484928 0.0096938 0.0083280 0.0111511 0.0113361 0.0097570 0.0125726 0.0125880 0.0111419 0.0125568 0.0139987 0.0097110 0.0069206 0.0000000 0.0139844 0.0125357 0.0139521 0.0153200 0.0139370 0.0140126 0.0155155 0.0125171 0.0153543 0.0125517 0.0140315 0.0125688 0.0140032 0.0125566 0.0139960 0.0139964 0.0140088 0.0153971 0.0182433 0.0111188 0.0126588 0.0169989 0.0195621 0.0210988 0.0196190 0.0182909 0.0268955 0.0197800 0.0239920 0.0293411 0.0254484 0.0284947 0.0341914 0.0443130 0.0342411 0.0386472 0.0330102 0.0423479 0.0613920 0.0596488 0.0570859 0.0770085 0.0796247 0.6907344 0.6907344 0.6949725 0.6518650 0.6442030 0.6452959 0.6460758 0.6460758 
Influenza_A_virus_A/whiskered_tern/Egypt/0/200_H6N2                        0.0226297 0.0377623 0.0410462 0.0441473 0.0470879 0.0125590 0.0097527 0.0140463 0.0069270 0.0069253 0.0069324 0.0069408 0.0097745 0.0111908 0.0126320 0.0125816 0.0126024 0.0139844 0.0000000 0.0139739 0.0153971 0.0167663 0.0153804 0.0126445 0.0169798 0.0154087 0.0139955 0.0111863 0.0126619 0.0140110 0.0126361 0.0154575 0.0154456 0.0154461 0.0154599 0.0168511 0.0197095 0.0132647 0.0184931 0.0140767 0.0182140 0.0197460 0.0210871 0.0212670 0.0259839 0.0184168 0.0220506 0.0279724 0.0285581 0.0255534 0.0285311 0.0384925 0.0329083 0.0344464 0.0316494 0.0409889 0.0582499 0.0565040 0.0555538 0.0752804 0.0778881 0.6807654 0.6807654 0.6849251 0.6571236 0.6511162 0.6522350 0.6530153 0.6530153 
Influenza_A_virus_A/mallard/ALB/7/1998_HN1                                 0.0182914 0.0335753 0.0364666 0.0395376 0.0424706 0.0083295 0.0069235 0.0125849 0.0084894 0.0097498 0.0097599 0.0097718 0.0069387 0.0083414 0.0097642 0.0111335 0.0111517 0.0125357 0.0139739 0.0000000 0.0055682 0.0069490 0.0069388 0.0097737 0.0084304 0.0055483 0.0083402 0.0111306 0.0125983 0.0083492 0.0097675 0.0083820 0.0125664 0.0125667 0.0125778 0.0139642 0.0111496 0.0125483 0.0169948 0.0169858 0.0153193 0.0168229 0.0125618 0.0197605 0.0279328 0.0154876 0.0211661 0.0249106 0.0241701 0.0256031 0.0298254 0.0414516 0.0269243 0.0312798 0.0314996 0.0328889 0.0566079 0.0548891 0.0587659 0.0695380 0.0736406 0.7004433 0.7004433 0.7047815 0.6567741 0.6490981 0.6502066 0.6509848 0.6509848 
Influenza_A_virus_A/herring_gull/DE/75/1986_H13N2                          0.0226359 0.0381524 0.0410651 0.0441691 0.0471125 0.0097344 0.0083224 0.0140069 0.0099193 0.0111617 0.0111734 0.0111871 0.0083409 0.0097484 0.0111783 0.0125464 0.0097240 0.0139521 0.0153971 0.0055682 0.0000000 0.0041460 0.0083410 0.0111893 0.0098518 0.0097651 0.0097470 0.0125430 0.0140217 0.0097576 0.0111821 0.0097961 0.0139863 0.0139867 0.0139990 0.0153864 0.0140388 0.0139662 0.0184409 0.0184312 0.0167396 0.0182551 0.0139813 0.0212074 0.0294190 0.0169244 0.0226146 0.0264007 0.0256341 0.0270702 0.0312961 0.0429978 0.0313417 0.0357338 0.0329847 0.0326697 0.0619419 0.0601866 0.0603606 0.0708525 0.0759298 0.7065745 0.7065745 0.7109775 0.6626251 0.6549051 0.6560359 0.6568151 0.6568151 
Influenza_A_virus_A/herring_gull/DE/712/1988_H16N3                         0.0233299 0.0390467 0.0419842 0.0451141 0.0480755 0.0111060 0.0096932 0.0153801 0.0113141 0.0125352 0.0125484 0.0125638 0.0097147 0.0111221 0.0125540 0.0139159 0.0139389 0.0153200 0.0167663 0.0069490 0.0041460 0.0000000 0.0097149 0.0125664 0.0112391 0.0111413 0.0111205 0.0139121 0.0153961 0.0111326 0.0125581 0.0111765 0.0153574 0.0153579 0.0153714 0.0167546 0.0154151 0.0153354 0.0198210 0.0190566 0.0181011 0.0196227 0.0153522 0.0225781 0.0307943 0.0183013 0.0239827 0.0277914 0.0270053 0.0284378 0.0298045 0.0439373 0.0326981 0.0370837 0.0343460 0.0371642 0.0630011 0.0612352 0.0614107 0.0738247 0.0778784 0.7022672 0.7022672 0.7066317 0.6584213 0.6507265 0.6518422 0.6526214 0.6526214 
Influenza_A_virus_A/black_duck/Ohio/19/1986_H11N1                          0.0226109 0.0381084 0.0410175 0.0410586 0.0470574 0.0097239 0.0083135 0.0139917 0.0099085 0.0111497 0.0111614 0.0111750 0.0083319 0.0097380 0.0111663 0.0125328 0.0125535 0.0139370 0.0153804 0.0069388 0.0083410 0.0097149 0.0000000 0.0111773 0.0098412 0.0097546 0.0097365 0.0125295 0.0140065 0.0097471 0.0111700 0.0097855 0.0139712 0.0139715 0.0139839 0.0153697 0.0153930 0.0139511 0.0184207 0.0184110 0.0167215 0.0182352 0.0139662 0.0211841 0.0293859 0.0169059 0.0225897 0.0263709 0.0227513 0.0270401 0.0312612 0.0429475 0.0313067 0.0356936 0.0329476 0.0376475 0.0629570 0.0612072 0.0602877 0.0758300 0.0798997 0.7026510 0.7026510 0.7070105 0.6589023 0.6512143 0.6523304 0.6531085 0.6531085 
Influenza_A_virus_A/gray_teal/Western_Australia/180/1979_HN                0.0198852 0.0353830 0.0383065 0.0414182 0.0443810 0.0097761 0.0055675 0.0112467 0.0071138 0.0084010 0.0084097 0.0084200 0.0041861 0.0055918 0.0041862 0.0097936 0.0098096 0.0140126 0.0126445 0.0097737 0.0111893 0.0125664 0.0111773 0.0000000 0.0127288 0.0126185 0.0097888 0.0097910 0.0112588 0.0097995 0.0084163 0.0126586 0.0140472 0.0140475 0.0140600 0.0154535 0.0154771 0.0112138 0.0156660 0.0156576 0.0140024 0.0141018 0.0168611 0.0184518 0.0266508 0.0141566 0.0227160 0.0236013 0.0286228 0.0243198 0.0285723 0.0385844 0.0273940 0.0318194 0.0331374 0.0395609 0.0585975 0.0568564 0.0559125 0.0723883 0.0764695 0.7093759 0.7093759 0.7138230 0.6651679 0.6574070 0.6585506 0.6593324 0.6593324 
Influenza_A_virus_A/turkey/England/50-92/91_H5N1                           0.0226576 0.0377169 0.0411054 0.0442125 0.0471587 0.0112496 0.0098188 0.0155770 0.0114626 0.0126968 0.0127104 0.0127261 0.0098409 0.0112661 0.0127161 0.0125580 0.0141178 0.0155155 0.0169798 0.0084304 0.0098518 0.0112391 0.0098412 0.0127288 0.0000000 0.0112857 0.0112644 0.0125550 0.0155934 0.0112768 0.0127203 0.0113218 0.0155538 0.0155543 0.0155682 0.0169678 0.0169941 0.0155313 0.0184915 0.0200630 0.0167556 0.0198707 0.0155485 0.0228624 0.0311775 0.0185348 0.0226364 0.0281427 0.0256588 0.0287901 0.0313261 0.0449146 0.0330982 0.0375326 0.0330165 0.0407713 0.0651202 0.0633497 0.0624327 0.0760019 0.0800811 0.7032045 0.7032045 0.7075779 0.6606763 0.6529508 0.6540771 0.6437841 0.6437841 
Influenza_A_virus_A/Mallard_Duck/Alberta/32/83_H12N1                       0.0197153 0.0350618 0.0350283 0.0380984 0.0410361 0.0083172 0.0097326 0.0125662 0.0099268 0.0111700 0.0111818 0.0111955 0.0097543 0.0111678 0.0126060 0.0111171 0.0111352 0.0125171 0.0154087 0.0055483 0.0097651 0.0111413 0.0097546 0.0126185 0.0112857 0.0000000 0.0111661 0.0139698 0.0154606 0.0111784 0.0126101 0.0083696 0.0154216 0.0154221 0.0154357 0.0140126 0.0140337 0.0125298 0.0169692 0.0184455 0.0153725 0.0168820 0.0126051 0.0197308 0.0283566 0.0183792 0.0225964 0.0250033 0.0241334 0.0242292 0.0299361 0.0399346 0.0298772 0.0342596 0.0345006 0.0373666 0.0568006 0.0550744 0.0573253 0.0709346 0.0765827 0.7005104 0.7005104 0.7048234 0.6594603 0.6517818 0.6528980 0.6536749 0.6536749 
Influenza_A_virus_A/mallard_duck/ALB/57/1976_H5N2                          0.0183404 0.0336712 0.0365714 0.0396523 0.0425943 0.0083422 0.0069340 0.0126044 0.0085026 0.0097647 0.0097749 0.0097869 0.0069493 0.0083542 0.0097792 0.0111506 0.0111689 0.0153543 0.0139955 0.0083402 0.0097470 0.0111205 0.0097365 0.0097888 0.0112644 0.0111661 0.0000000 0.0111477 0.0126178 0.0111574 0.0097825 0.0112015 0.0153919 0.0153923 0.0154060 0.0167923 0.0168180 0.0125677 0.0170215 0.0170125 0.0153430 0.0156084 0.0153867 0.0197917 0.0279780 0.0155118 0.0211453 0.0249510 0.0270674 0.0256430 0.0298731 0.0384692 0.0299168 0.0343047 0.0344258 0.0403698 0.0584128 0.0566784 0.0557369 0.0711238 0.0782698 0.7053132 0.7053132 0.7096904 0.6615475 0.6538606 0.6549839 0.6557604 0.6557604 
Influenza_A_virus_A/turkey/Ontario/6118/1968_H8N                           0.0155394 0.0319386 0.0337018 0.0367784 0.0397302 0.0111332 0.0069357 0.0126071 0.0085046 0.0097670 0.0097772 0.0097891 0.0069510 0.0083562 0.0097814 0.0101927 0.0111714 0.0125517 0.0111863 0.0111306 0.0125430 0.0139121 0.0125295 0.0097910 0.0125550 0.0139698 0.0111477 0.0000000 0.0098049 0.0111599 0.0097847 0.0140140 0.0125825 0.0125828 0.0125939 0.0139820 0.0168214 0.0125704 0.0170249 0.0170159 0.0125427 0.0168525 0.0181976 0.0197954 0.0250768 0.0155150 0.0211930 0.0220451 0.0270583 0.0256472 0.0270102 0.0415253 0.0299210 0.0343089 0.0286498 0.0408408 0.0585295 0.0567914 0.0558486 0.0743457 0.0784284 0.6937690 0.6937690 0.7018910 0.6546648 0.6469936 0.6480956 0.6485687 0.6485687 
Influenza_A_virus_A/duck/Nancng/-18/2000_H2N9                              0.0227763 0.0383916 0.0401780 0.0433125 0.0447615 0.0126012 0.0083738 0.0140938 0.0099816 0.0112308 0.0112427 0.0112565 0.0083925 0.0098088 0.0112477 0.0126239 0.0126449 0.0140315 0.0126619 0.0125983 0.0140217 0.0153961 0.0140065 0.0112588 0.0155934 0.0154606 0.0126178 0.0098049 0.0000000 0.0126318 0.0112515 0.0155097 0.0140661 0.0140665 0.0140790 0.0154740 0.0183341 0.0140525 0.0185561 0.0185463 0.0155967 0.0183681 0.0197162 0.0213392 0.0266821 0.0141827 0.0242935 0.0265675 0.0315434 0.0272374 0.0314889 0.0432678 0.0315351 0.0359538 0.0331726 0.0425557 0.0577527 0.0560015 0.0550452 0.0794832 0.0835527 0.7058487 0.7058487 0.7102304 0.6647983 0.6570854 0.6582211 0.6589983 0.6589983 
Influenza_A_virus_A/ruddy_turnstone/DE/773/1988_H9N6                       0.0212434 0.0367313 0.0396465 0.0427495 0.0456986 0.0111429 0.0069415 0.0126183 0.0085120 0.0097754 0.0097856 0.0097976 0.0069568 0.0083633 0.0097899 0.0111628 0.0111811 0.0125688 0.0140110 0.0083492 0.0097576 0.0111326 0.0097471 0.0097995 0.0112768 0.0111784 0.0111574 0.0111599 0.0126318 0.0000000 0.0097932 0.0112138 0.0097722 0.0126000 0.0126111 0.0140013 0.0140224 0.0125815 0.0170407 0.0170316 0.0153600 0.0168679 0.0154037 0.0198140 0.0280106 0.0155291 0.0212235 0.0249800 0.0270985 0.0256725 0.0299075 0.0415717 0.0299512 0.0340157 0.0315872 0.0379617 0.0551338 0.0534194 0.0557486 0.0775555 0.0785722 0.6969828 0.6969828 0.7012932 0.6563521 0.6486707 0.6497788 0.6505578 0.6505578 
Influenza_A_virus_A/duck/HK/17/1977_H9N6                                   0.0198708 0.0353523 0.0382724 0.0413803 0.0443394 0.0097698 0.0055641 0.0112393 0.0071093 0.0083957 0.0084044 0.0084147 0.0055763 0.0069831 0.0084080 0.0097873 0.0098032 0.0140032 0.0126361 0.0097675 0.0111821 0.0125581 0.0111700 0.0084163 0.0127203 0.0126101 0.0097825 0.0097847 0.0112515 0.0097932 0.0000000 0.0126501 0.0140377 0.0140381 0.0140505 0.0154429 0.0154665 0.0112065 0.0156551 0.0156467 0.0139930 0.0147900 0.0168494 0.0184387 0.0266298 0.0134021 0.0226991 0.0235831 0.0286001 0.0243013 0.0285497 0.0401951 0.0285917 0.0329923 0.0331099 0.0395256 0.0602887 0.0585370 0.0575989 0.0762359 0.0803257 0.7093592 0.7093592 0.7137732 0.6557464 0.6480873 0.6491906 0.6499677 0.6499677 
Influenza_A_virus_A/mallard/Ohio/6/1989_H6N8                               0.0226893 0.0351845 0.0380905 0.0411806 0.0441246 0.0083435 0.0097634 0.0126060 0.0099587 0.0112054 0.0112172 0.0112310 0.0097852 0.0112032 0.0126460 0.0111521 0.0111704 0.0125566 0.0154575 0.0083820 0.0097961 0.0111765 0.0097855 0.0126586 0.0113218 0.0083696 0.0112015 0.0140140 0.0155097 0.0112138 0.0126501 0.0000000 0.0154704 0.0154709 0.0154847 0.0168782 0.0169042 0.0125693 0.0170233 0.0185044 0.0182345 0.0197685 0.0145484 0.0197934 0.0284462 0.0155122 0.0197643 0.0280060 0.0212425 0.0271768 0.0328996 0.0430249 0.0299796 0.0343769 0.0346103 0.0374983 0.0599842 0.0582431 0.0605073 0.0711857 0.0768526 0.7040880 0.7040880 0.7084432 0.6666469 0.6589348 0.6600753 0.6608514 0.6608514 
Influenza_A_virus_A/mallard/Manitoba/23912/2007_HN7                        0.0255696 0.0380768 0.0441667 0.0472916 0.0502401 0.0153714 0.0111443 0.0168791 0.0128033 0.0140118 0.0140268 0.0140441 0.0111694 0.0125877 0.0140332 0.0153992 0.0154250 0.0139960 0.0154456 0.0125664 0.0139863 0.0153574 0.0139712 0.0140472 0.0155538 0.0154216 0.0153919 0.0125825 0.0140661 0.0097722 0.0140377 0.0154704 0.0000000 0.0055454 0.0027728 0.0069330 0.0097315 0.0168299 0.0213639 0.0213528 0.0196095 0.0211501 0.0196667 0.0241336 0.0295134 0.0198285 0.0255456 0.0263744 0.0284641 0.0300392 0.0312633 0.0429440 0.0284198 0.0324435 0.0316209 0.0392950 0.0632356 0.0614775 0.0605553 0.0805584 0.0815608 0.7023528 0.7023528 0.7034250 0.6614866 0.6537582 0.6548872 0.6556678 0.6556678 
Influenza_A_virus_A/mallard/ALB/5/1995_H10N1                               0.0255711 0.0380802 0.0441712 0.0472968 0.0502459 0.0153719 0.0111446 0.0168797 0.0128036 0.0140122 0.0140272 0.0140445 0.0111696 0.0125880 0.0140336 0.0153997 0.0154255 0.0139964 0.0154461 0.0125667 0.0139867 0.0153579 0.0139715 0.0140475 0.0155543 0.0154221 0.0153923 0.0125828 0.0140665 0.0126000 0.0140381 0.0154709 0.0055454 0.0000000 0.0055502 0.0069330 0.0097317 0.0168305 0.0213649 0.0213537 0.0196103 0.0211511 0.0196675 0.0241349 0.0295154 0.0198293 0.0226875 0.0263760 0.0284659 0.0300412 0.0312655 0.0429483 0.0255586 0.0299191 0.0316232 0.0392986 0.0632446 0.0614861 0.0605637 0.0805728 0.0815754 0.7059823 0.7059823 0.7070807 0.6650173 0.6572755 0.6584160 0.6591960 0.6591960 
Influenza_A_virus_A/northern_shoveler/Washington/29-700/2006_H10N1         0.0255945 0.0381169 0.0442146 0.0473438 0.0502960 0.0153855 0.0111543 0.0168948 0.0128150 0.0140246 0.0140396 0.0140569 0.0111794 0.0125991 0.0140460 0.0154133 0.0154392 0.0140088 0.0154599 0.0125778 0.0139990 0.0153714 0.0139839 0.0140600 0.0155682 0.0154357 0.0154060 0.0125939 0.0140790 0.0126111 0.0140505 0.0154847 0.0027728 0.0055502 0.0000000 0.0069390 0.0097402 0.0168454 0.0213844 0.0213732 0.0196278 0.0211702 0.0196852 0.0241569 0.0295431 0.0183703 0.0255704 0.0248718 0.0284921 0.0300691 0.0312945 0.0429905 0.0269402 0.0312977 0.0316528 0.0377597 0.0633105 0.0615497 0.0606265 0.0806621 0.0816657 0.7005349 0.7005349 0.6994400 0.6680843 0.6603290 0.6614797 0.6622593 0.6622593 
Influenza_A_virus_A/northern_shoveler/Mississippi/09OS025/2009_H12N5       0.0269894 0.0395325 0.0426849 0.0458047 0.0487554 0.0167699 0.0125388 0.0182868 0.0142243 0.0154144 0.0154310 0.0154500 0.0125671 0.0139879 0.0154381 0.0168002 0.0168285 0.0153971 0.0168511 0.0139642 0.0153864 0.0167546 0.0153697 0.0154535 0.0169678 0.0140126 0.0167923 0.0139820 0.0154740 0.0140013 0.0154429 0.0168782 0.0069330 0.0069330 0.0069390 0.0000000 0.0083367 0.0182334 0.0227870 0.0227752 0.0182012 0.0197320 0.0182540 0.0243787 0.0298076 0.0212458 0.0269641 0.0249182 0.0298850 0.0285990 0.0298331 0.0414588 0.0298390 0.0342134 0.0330557 0.0407434 0.0617292 0.0599755 0.0590458 0.0788122 0.0798193 0.7050760 0.7050760 0.7061687 0.6602948 0.6525508 0.6536787 0.6544617 0.6544617 
Influenza_A_virus_A/northern_shoveler/Calinia/AKS273/2007_H8N              0.0270343 0.0396053 0.0427655 0.0458931 0.0488508 0.0167956 0.0125574 0.0183153 0.0142461 0.0154378 0.0154545 0.0154736 0.0125858 0.0140089 0.0154616 0.0168260 0.0168544 0.0182433 0.0197095 0.0111496 0.0140388 0.0154151 0.0153930 0.0154771 0.0169941 0.0140337 0.0168180 0.0168214 0.0183341 0.0140224 0.0154665 0.0169042 0.0097315 0.0097317 0.0097402 0.0083367 0.0000000 0.0182617 0.0228240 0.0228122 0.0154166 0.0197631 0.0169126 0.0255961 0.0339233 0.0212798 0.0270089 0.0249599 0.0299357 0.0286474 0.0298836 0.0415368 0.0298894 0.0342730 0.0331299 0.0394565 0.0618881 0.0601288 0.0608537 0.0809369 0.0806158 0.7047040 0.7047040 0.7096416 0.6591457 0.6514481 0.6525662 0.6533452 0.6533452 
Influenza_A_virus_A/mallard/Netherlands/2/1999_H3N5                        0.0212006 0.0336397 0.0395616 0.0426573 0.0455998 0.0069262 0.0055533 0.0083659 0.0069569 0.0059718 0.0089040 0.0089153 0.0083590 0.0097696 0.0112028 0.0069384 0.0069495 0.0111188 0.0132647 0.0125483 0.0139662 0.0153354 0.0139511 0.0112138 0.0155313 0.0125298 0.0125677 0.0125704 0.0140525 0.0125815 0.0112065 0.0125693 0.0168299 0.0168305 0.0168454 0.0182334 0.0182617 0.0000000 0.0127130 0.0134286 0.0167763 0.0154648 0.0196387 0.0154838 0.0269354 0.0169620 0.0211339 0.0264610 0.0284084 0.0256609 0.0301157 0.0401696 0.0314122 0.0358144 0.0330429 0.0423897 0.0583551 0.0566228 0.0556820 0.0754357 0.0773763 0.7103771 0.7103771 0.7147987 0.6643450 0.6566062 0.6577444 0.6585244 0.6585244 
Influenza_A_virus_A/glaucous_gull/Alaska/198-027/2006_H16N3                0.0258327 0.0416583 0.0446140 0.0477684 0.0507421 0.0112597 0.0098759 0.0127505 0.0129620 0.0113345 0.0141980 0.0142158 0.0127399 0.0141800 0.0156502 0.0112800 0.0084416 0.0126588 0.0184931 0.0169948 0.0184409 0.0198210 0.0184207 0.0156660 0.0184915 0.0169692 0.0170215 0.0170249 0.0185561 0.0170407 0.0156551 0.0170233 0.0213639 0.0213649 0.0213844 0.0227870 0.0228240 0.0127130 0.0000000 0.0187156 0.0212948 0.0228666 0.0242134 0.0187310 0.0274287 0.0215365 0.0262760 0.0270720 0.0301665 0.0290216 0.0320657 0.0423360 0.0362272 0.0407027 0.0393185 0.0474569 0.0669000 0.0651167 0.0625352 0.0797391 0.0821152 0.7014244 0.7014244 0.7057504 0.6636823 0.6559832 0.6571138 0.6578903 0.6578903 
Influenza_A_virus_A/environment/New_York/30732-1/2005_H7N2                 0.0228663 0.0381523 0.0414608 0.0445913 0.0475564 0.0127098 0.0098706 0.0142154 0.0098262 0.0070092 0.0098338 0.0098459 0.0127331 0.0141724 0.0156418 0.0127329 0.0127542 0.0169989 0.0140767 0.0169858 0.0184312 0.0190566 0.0184110 0.0156576 0.0200630 0.0184455 0.0170125 0.0170159 0.0185463 0.0170316 0.0156467 0.0185044 0.0213528 0.0213537 0.0213732 0.0227752 0.0228122 0.0134286 0.0187156 0.0000000 0.0183987 0.0228547 0.0213470 0.0215206 0.0321584 0.0215252 0.0281512 0.0312699 0.0347163 0.0287479 0.0341362 0.0418684 0.0362093 0.0406831 0.0408250 0.0474345 0.0634103 0.0616345 0.0607032 0.0823832 0.0818985 0.6957593 0.6957593 0.7000128 0.6688826 0.6611606 0.6623084 0.6630842 0.6630842 
Influenza_A_virus_A/semi-palmated_sandpiper/Brazil/3/1990_H2N1             0.0226343 0.0392290 0.0349680 0.0380300 0.0409610 0.0153227 0.0111092 0.0168253 0.0127621 0.0139673 0.0139822 0.0139994 0.0111341 0.0125479 0.0139886 0.0145052 0.0153759 0.0195621 0.0182140 0.0153193 0.0167396 0.0181011 0.0167215 0.0140024 0.0167556 0.0153725 0.0153430 0.0125427 0.0155967 0.0153600 0.0139930 0.0182345 0.0196095 0.0196103 0.0196278 0.0182012 0.0154166 0.0167763 0.0212948 0.0183987 0.0000000 0.0182631 0.0196039 0.0233784 0.0323172 0.0197646 0.0254506 0.0264117 0.0313467 0.0270813 0.0284402 0.0430127 0.0342108 0.0386117 0.0329810 0.0452235 0.0591691 0.0574258 0.0564835 0.0756616 0.0796653 0.7018124 0.7018124 0.7099888 0.6586728 0.6509938 0.6521079 0.6525783 0.6525783 
Influenza_A_virus_A/duck/New_Zealand/1/198_H5N2                            0.0270842 0.0396582 0.0380758 0.0411652 0.0441084 0.0168266 0.0125806 0.0169138 0.0142728 0.0154665 0.0154832 0.0155024 0.0097546 0.0111678 0.0126057 0.0168571 0.0168857 0.0210988 0.0197460 0.0168229 0.0182551 0.0196227 0.0182352 0.0141018 0.0198707 0.0168820 0.0156084 0.0168525 0.0183681 0.0168679 0.0147900 0.0197685 0.0211501 0.0211511 0.0211702 0.0197320 0.0197631 0.0154648 0.0228666 0.0228547 0.0182631 0.0000000 0.0211444 0.0256425 0.0339863 0.0184056 0.0287738 0.0280520 0.0358849 0.0286995 0.0329530 0.0414047 0.0348164 0.0392779 0.0314615 0.0459728 0.0581977 0.0564712 0.0555325 0.0790100 0.0830573 0.7142994 0.7142994 0.7187630 0.6697862 0.6620278 0.6631835 0.6639625 0.6639625 
Influenza_A_virus_A/mallard/Alberta/11/1991_H9N2                           0.0284143 0.0441793 0.0441668 0.0472935 0.0502438 0.0153663 0.0139339 0.0196962 0.0156458 0.0168181 0.0168363 0.0168572 0.0139654 0.0153889 0.0168442 0.0182027 0.0182336 0.0196190 0.0210871 0.0125618 0.0139813 0.0153522 0.0139662 0.0168611 0.0155485 0.0126051 0.0153867 0.0181976 0.0197162 0.0154037 0.0168494 0.0145484 0.0196667 0.0196675 0.0196852 0.0182540 0.0169126 0.0196387 0.0242134 0.0213470 0.0196039 0.0211444 0.0000000 0.0269780 0.0353116 0.0226659 0.0283877 0.0294080 0.0314602 0.0300343 0.0342691 0.0461259 0.0371844 0.0416095 0.0388713 0.0449538 0.0630736 0.0613198 0.0603989 0.0823866 0.0800568 0.6919139 0.6919139 0.6961519 0.6427581 0.6351782 0.6362339 0.6370116 0.6370116 
Influenza_A_virus_A/Viet_Nam/1203/200_H5N1                                 0.0286151 0.0445085 0.0438509 0.0469528 0.0498812 0.0140245 0.0126520 0.0155293 0.0157796 0.0141180 0.0169789 0.0170002 0.0155166 0.0169574 0.0184331 0.0140498 0.0140733 0.0182909 0.0212670 0.0197605 0.0212074 0.0225781 0.0211841 0.0184518 0.0228624 0.0197308 0.0197917 0.0197954 0.0213392 0.0198140 0.0184387 0.0197934 0.0241336 0.0241349 0.0241569 0.0243787 0.0255961 0.0154838 0.0187310 0.0215206 0.0233784 0.0256425 0.0269780 0.0000000 0.0169499 0.0243299 0.0285880 0.0311841 0.0359347 0.0330915 0.0360672 0.0463877 0.0361021 0.0405706 0.0422975 0.0502937 0.0626080 0.0608534 0.0608676 0.0811277 0.0875651 0.7125857 0.7125857 0.7170175 0.6741381 0.6663972 0.6675617 0.6683367 0.6683367 
Influenza_A_virus_A/chicken/Egypt/0891/2008_H5N1                           0.0358675 0.0505030 0.0503875 0.0566596 0.0596173 0.0254247 0.0235473 0.0270150 0.0233859 0.0244940 0.0245221 0.0245536 0.0236039 0.0250888 0.0266226 0.0254716 0.0255165 0.0268955 0.0259839 0.0279328 0.0294190 0.0307943 0.0293859 0.0266508 0.0311775 0.0283566 0.0279780 0.0250768 0.0266821 0.0280106 0.0266298 0.0284462 0.0295134 0.0295154 0.0295431 0.0298076 0.0339233 0.0269354 0.0274287 0.0321584 0.0323172 0.0339863 0.0353116 0.0169499 0.0000000 0.0326987 0.0358336 0.0398411 0.0447869 0.0410935 0.0446548 0.0525800 0.0446969 0.0492469 0.0480673 0.0592332 0.0698301 0.0680371 0.0671372 0.0872525 0.0947188 0.7045256 0.7045256 0.7089130 0.6652372 0.6575067 0.6586461 0.6594249 0.6594249 
Influenza_A_virus_A/quail/Italy/1117/1965_H10N8                            0.0257776 0.0416026 0.0445609 0.0477188 0.0506968 0.0154911 0.0112295 0.0170120 0.0129036 0.0141206 0.0141359 0.0141534 0.0112549 0.0126848 0.0141424 0.0155192 0.0155455 0.0197800 0.0184168 0.0154876 0.0169244 0.0183013 0.0169059 0.0141566 0.0185348 0.0183792 0.0155118 0.0155150 0.0141827 0.0155291 0.0134021 0.0155122 0.0198285 0.0198293 0.0183703 0.0212458 0.0212798 0.0169620 0.0215365 0.0215252 0.0197646 0.0184056 0.0226659 0.0243299 0.0326987 0.0000000 0.0286264 0.0265303 0.0315595 0.0272991 0.0315056 0.0432980 0.0314938 0.0359085 0.0361019 0.0425046 0.0668888 0.0651009 0.0641859 0.0831944 0.0872737 0.7135933 0.7135933 0.7076143 0.6695113 0.6617799 0.6629309 0.6637073 0.6637073 
Influenza_A_virus_A/chicken/Yokoma/aq55/2001_H9N2                          0.0284712 0.0392349 0.0441078 0.0472288 0.0501740 0.0225210 0.0197089 0.0240857 0.0182673 0.0205586 0.0205817 0.0206079 0.0197548 0.0212026 0.0226926 0.0218602 0.0226005 0.0239920 0.0220506 0.0211661 0.0226146 0.0239827 0.0225897 0.0227160 0.0226364 0.0225964 0.0211453 0.0211930 0.0242935 0.0212235 0.0226991 0.0197643 0.0255456 0.0226875 0.0255704 0.0269641 0.0270089 0.0211339 0.0262760 0.0281512 0.0254506 0.0287738 0.0283877 0.0285880 0.0358336 0.0286264 0.0000000 0.0344464 0.0359792 0.0359615 0.0322046 0.0465582 0.0374071 0.0389698 0.0407957 0.0486243 0.0660369 0.0642766 0.0665833 0.0783018 0.0769559 0.7149327 0.7149327 0.7194236 0.6683548 0.6605317 0.6629315 0.6621654 0.6621654 
Influenza_A_virus_A/rosy-billed_pocrd/Argentina/CIP051-557/2007_H6N2       0.0326681 0.0490588 0.0490613 0.0522959 0.0553219 0.0219991 0.0205069 0.0236064 0.0224044 0.0235371 0.0235643 0.0235948 0.0205560 0.0220444 0.0235764 0.0249627 0.0250077 0.0293411 0.0279724 0.0249106 0.0264007 0.0277914 0.0263709 0.0236013 0.0281427 0.0250033 0.0249510 0.0220451 0.0265675 0.0249800 0.0235831 0.0280060 0.0263744 0.0263760 0.0248718 0.0249182 0.0249599 0.0264610 0.0270720 0.0312699 0.0264117 0.0280520 0.0294080 0.0311841 0.0398411 0.0265303 0.0344464 0.0000000 0.0385990 0.0359447 0.0310346 0.0374078 0.0398251 0.0443367 0.0480616 0.0528578 0.0749177 0.0730785 0.0721844 0.0929568 0.0970002 0.7063513 0.7063513 0.7009358 0.6700926 0.6623285 0.6634858 0.6642653 0.6642653 
Influenza_A_virus_A/chicken/Chis/1522/1997_H5N2                            0.0360133 0.0516529 0.0552302 0.0584352 0.0614039 0.0240518 0.0255421 0.0284925 0.0260035 0.0270748 0.0271059 0.0271405 0.0256019 0.0241365 0.0285927 0.0263074 0.0240574 0.0254484 0.0285581 0.0241701 0.0256341 0.0270053 0.0227513 0.0286228 0.0256588 0.0241334 0.0270674 0.0270583 0.0315434 0.0270985 0.0286001 0.0212425 0.0284641 0.0284659 0.0284921 0.0298850 0.0299357 0.0284084 0.0301665 0.0347163 0.0313467 0.0358849 0.0314602 0.0359347 0.0447869 0.0315595 0.0359792 0.0385990 0.0000000 0.0424210 0.0433516 0.0539302 0.0479079 0.0524287 0.0453628 0.0536086 0.0767453 0.0755453 0.0729941 0.0792256 0.0832198 0.6981922 0.6981922 0.6992280 0.6644269 0.6567033 0.6578395 0.6583084 0.6583084 
Influenza_A_virus_A/chicken/Rostock/5/193_H7N1                             0.0345444 0.0475927 0.0505684 0.0537495 0.0567196 0.0241459 0.0212755 0.0257373 0.0201007 0.0212304 0.0212541 0.0212808 0.0213256 0.0227873 0.0242945 0.0241907 0.0242334 0.0284947 0.0255534 0.0256031 0.0270702 0.0284378 0.0270401 0.0243198 0.0287901 0.0242292 0.0256430 0.0256472 0.0272374 0.0256725 0.0243013 0.0271768 0.0300392 0.0300412 0.0300691 0.0285990 0.0286474 0.0256609 0.0290216 0.0287479 0.0270813 0.0286995 0.0300343 0.0330915 0.0410935 0.0272991 0.0359615 0.0359447 0.0424210 0.0000000 0.0408003 0.0482349 0.0451237 0.0496524 0.0498197 0.0566149 0.0730045 0.0711985 0.0679701 0.0890568 0.0934999 0.7037178 0.7037178 0.7080425 0.6592934 0.6613216 0.6624694 0.6632448 0.6632448 
Influenza_A_virus_A/equine/Sao_Paulo/6/1963_H3N8                           0.0370109 0.0532795 0.0534824 0.0567175 0.0597229 0.0298308 0.0254964 0.0314596 0.0257949 0.0270354 0.0270664 0.0271009 0.0255570 0.0270231 0.0285423 0.0292951 0.0299403 0.0341914 0.0285311 0.0298254 0.0312961 0.0298045 0.0312612 0.0285723 0.0313261 0.0299361 0.0298731 0.0270102 0.0314889 0.0299075 0.0285497 0.0328996 0.0312633 0.0312655 0.0312945 0.0298331 0.0298836 0.0301157 0.0320657 0.0341362 0.0284402 0.0329530 0.0342691 0.0360672 0.0446548 0.0315056 0.0322046 0.0310346 0.0433516 0.0408003 0.0000000 0.0265803 0.0477708 0.0494062 0.0466327 0.0606630 0.0782220 0.0763734 0.0754925 0.0852834 0.0890276 0.7314903 0.7314903 0.7327700 0.6731743 0.6653961 0.6665636 0.6670299 0.6670299 
Influenza_A_virus_A/equine/Argentina/1/1977_H7N7                           0.0456735 0.0597703 0.0577888 0.0643393 0.0673925 0.0397845 0.0369304 0.0415354 0.0357016 0.0369220 0.0369675 0.0370169 0.0353871 0.0369195 0.0385263 0.0398612 0.0399381 0.0443130 0.0384925 0.0414516 0.0429978 0.0439373 0.0429475 0.0385844 0.0449146 0.0399346 0.0384692 0.0415253 0.0432678 0.0415717 0.0401951 0.0430249 0.0429440 0.0429483 0.0429905 0.0414588 0.0415368 0.0401696 0.0423360 0.0418684 0.0430127 0.0414047 0.0461259 0.0463877 0.0525800 0.0432980 0.0465582 0.0374078 0.0539302 0.0482349 0.0265803 0.0000000 0.0589261 0.0606438 0.0603640 0.0734415 0.0793151 0.0774420 0.0765544 0.0927300 0.0976356 0.7352046 0.7352046 0.7365110 0.6974869 0.6895416 0.6907967 0.6911285 0.6911285 
