37
Influenza_A_virus_A/South_Carolina/1/18_H1N1                               0.0000000 0.0119853 0.0079692 0.0119801 0.0079752 0.0079752 0.0119598 0.0120007 0.0120312 0.0200769 0.0242171 0.0161209 0.0201726 0.0161278 0.0262386 0.0393885 0.0287635 0.0242099 0.0323571 0.0282275 0.0446788 0.0448623 0.0242605 0.0323546 0.0325261 0.0329775 0.0508141 0.0324852 0.0488868 0.0534925 0.0476983 0.0476983 0.0840157 0.2598557 0.2598557 0.2751846 0.2751846 
Influenza_A_virus_A/swine/Tennessee/1/1975_H1N1                            0.0119853 0.0000000 0.0039582 0.0159563 0.0119520 0.0119520 0.0159292 0.0159839 0.0160250 0.0240596 0.0282113 0.0201275 0.0241748 0.0201356 0.0304090 0.0435262 0.0244865 0.0282038 0.0363387 0.0322083 0.0403515 0.0405142 0.0282622 0.0281227 0.0282690 0.0370316 0.0549159 0.0454239 0.0528377 0.0574642 0.0518095 0.0518095 0.0792909 0.2529613 0.2529613 0.2679263 0.2679263 
Influenza_A_virus_A/swine/Hong_Kong/103/1993_H1N1                          0.0079692 0.0039582 0.0000000 0.0119374 0.0079473 0.0079473 0.0119172 0.0119579 0.0119881 0.0200025 0.0241254 0.0160618 0.0200974 0.0160688 0.0261337 0.0392235 0.0203545 0.0241182 0.0322306 0.0281191 0.0362416 0.0363856 0.0241685 0.0240491 0.0241725 0.0328459 0.0505930 0.0412083 0.0486836 0.0532647 0.0474928 0.0474928 0.0750076 0.2479821 0.2479821 0.2627777 0.2627777 
Influenza_A_virus_A/chicken/Chis/1522/1997_H5N2                            0.0119801 0.0159563 0.0119374 0.0000000 0.0119468 0.0119468 0.0159227 0.0159774 0.0160184 0.0160389 0.0201536 0.0201197 0.0241661 0.0201278 0.0303988 0.0351079 0.0283649 0.0281944 0.0363285 0.0321984 0.0486240 0.0488253 0.0282528 0.0282763 0.0200306 0.0288210 0.0465351 0.0372008 0.0447737 0.0493377 0.0434153 0.0434153 0.0797856 0.2424330 0.2424330 0.2568769 0.2568769 
Influenza_A_virus_A/common_teal/Netherlands/10/2000_H1N1                   0.0079752 0.0119520 0.0079473 0.0119468 0.0000000 0.0000010 0.0039445 0.0039577 0.0039673 0.0119194 0.0159743 0.0079738 0.0119747 0.0160821 0.0175221 0.0305536 0.0286781 0.0241399 0.0322618 0.0281453 0.0445436 0.0447260 0.0241903 0.0322593 0.0241353 0.0244711 0.0506520 0.0327522 0.0403236 0.0447995 0.0387860 0.0387860 0.0748599 0.2472259 0.2472259 0.2619436 0.2619436 
Influenza_A_virus_A/ruddy_turnstone/DE/773/1988_H9N6                       0.0079752 0.0119520 0.0079473 0.0119468 0.0000010 0.0000000 0.0039445 0.0039577 0.0039673 0.0119194 0.0159743 0.0079738 0.0119747 0.0160821 0.0175221 0.0305536 0.0286781 0.0241399 0.0322618 0.0281453 0.0445436 0.0447260 0.0241903 0.0322593 0.0241353 0.0244711 0.0506520 0.0327522 0.0403236 0.0447995 0.0387860 0.0387860 0.0748599 0.2472259 0.2472259 0.2619436 0.2619436 
Influenza_A_virus_A/mallard/Sweden/58/2003_H11N1                           0.0119598 0.0159292 0.0119172 0.0159227 0.0039445 0.0039445 0.0000000 0.0079135 0.0079330 0.0158855 0.0199575 0.0119572 0.0159597 0.0200931 0.0217380 0.0347352 0.0327514 0.0281455 0.0362651 0.0321424 0.0485382 0.0487387 0.0282037 0.0362625 0.0281397 0.0285284 0.0464493 0.0370477 0.0445841 0.0491215 0.0432242 0.0432242 0.0793768 0.2428068 0.2428068 0.2663857 0.2663857 
Influenza_A_virus_A/duck/Nancng/-18/2000_H2N9                              0.0120007 0.0159839 0.0119579 0.0159774 0.0039577 0.0039577 0.0079135 0.0000000 0.0079599 0.0159398 0.0200265 0.0119981 0.0160146 0.0201630 0.0218173 0.0348626 0.0328686 0.0282441 0.0363928 0.0322553 0.0487104 0.0489124 0.0283027 0.0363902 0.0282383 0.0286296 0.0463345 0.0285925 0.0362168 0.0406454 0.0344930 0.0344930 0.0705939 0.2422500 0.2422500 0.2567961 0.2567961 
Influenza_A_virus_A/duck/New_Zealand/1/198_H5N2                            0.0120312 0.0160250 0.0119881 0.0160184 0.0039673 0.0039673 0.0079330 0.0079599 0.0000000 0.0159807 0.0200788 0.0120285 0.0160558 0.0202160 0.0218777 0.0349629 0.0329604 0.0283204 0.0364928 0.0323435 0.0488506 0.0490540 0.0283793 0.0364902 0.0283146 0.0287081 0.0551772 0.0370500 0.0445909 0.0491315 0.0432313 0.0432313 0.0794201 0.2409382 0.2409382 0.2553604 0.2553604 
Influenza_A_virus_A/Mongolian_gull/Mongolia/01/2007_H13N6                  0.0200769 0.0240596 0.0200025 0.0160389 0.0119194 0.0119194 0.0158855 0.0159398 0.0159807 0.0000000 0.0039717 0.0200711 0.0241066 0.0283261 0.0303187 0.0350126 0.0325770 0.0364328 0.0446112 0.0404451 0.0569705 0.0572123 0.0365064 0.0365401 0.0283524 0.0287470 0.0552598 0.0371015 0.0416756 0.0462867 0.0401557 0.0401557 0.0771194 0.2539867 0.2539867 0.2690542 0.2690542 
Influenza_A_virus_A/glaucous_gull/Alaska/198-027/2006_H16N3                0.0242171 0.0282113 0.0241254 0.0201536 0.0159743 0.0159743 0.0199575 0.0200265 0.0200788 0.0039717 0.0000000 0.0242092 0.0282671 0.0325376 0.0346796 0.0394435 0.0368350 0.0406847 0.0489061 0.0447108 0.0613293 0.0615934 0.0407677 0.0408073 0.0325705 0.0330231 0.0598142 0.0414352 0.0460456 0.0507187 0.0447121 0.0447121 0.0817555 0.2538793 0.2538793 0.2689523 0.2689523 
Influenza_A_virus_A/equine/Sao_Paulo/6/1963_H3N8                           0.0161209 0.0201275 0.0160618 0.0201197 0.0079738 0.0079738 0.0119572 0.0119981 0.0120285 0.0200711 0.0242092 0.0000000 0.0201667 0.0243767 0.0262292 0.0393697 0.0372587 0.0241694 0.0323019 0.0365568 0.0531554 0.0533801 0.0325877 0.0322995 0.0325131 0.0329640 0.0596949 0.0413590 0.0488603 0.0534611 0.0476719 0.0476719 0.0747542 0.2591487 0.2591487 0.2743722 0.2743722 
Influenza_A_virus_A/semi-palmated_sandpiper/Brazil/3/1990_H2N1             0.0201726 0.0241748 0.0200974 0.0241661 0.0119747 0.0119747 0.0159597 0.0160146 0.0160558 0.0241066 0.0282671 0.0201667 0.0000000 0.0284641 0.0304720 0.0436193 0.0414261 0.0366117 0.0448342 0.0406456 0.0572604 0.0575049 0.0366870 0.0448314 0.0366032 0.0371078 0.0458700 0.0455195 0.0529491 0.0538811 0.0519228 0.0519228 0.0881270 0.2643743 0.2643743 0.2798781 0.2798781 
Influenza_A_virus_A/quail/Italy/1117/1965_H10N8                            0.0161278 0.0201356 0.0160688 0.0201278 0.0160821 0.0160821 0.0200931 0.0201630 0.0202160 0.0283261 0.0325376 0.0243767 0.0284641 0.0000000 0.0349329 0.0481876 0.0372688 0.0325301 0.0407461 0.0282268 0.0446657 0.0448490 0.0325976 0.0407433 0.0409652 0.0415290 0.0597018 0.0500160 0.0574186 0.0621315 0.0565556 0.0565556 0.0929413 0.2672996 0.2672996 0.2829592 0.2829592 
Influenza_A_virus_A/whiskered_tern/Egypt/0/200_H6N2                        0.0262386 0.0304090 0.0261337 0.0303988 0.0175221 0.0175221 0.0217380 0.0218173 0.0218777 0.0303187 0.0346796 0.0262292 0.0304720 0.0349329 0.0000000 0.0200941 0.0484548 0.0433657 0.0448150 0.0476007 0.0564111 0.0649629 0.0434566 0.0518308 0.0434376 0.0368724 0.0717572 0.0526456 0.0514382 0.0562530 0.0518983 0.0518983 0.0788668 0.2709324 0.2709324 0.2820951 0.2820951 
Influenza_A_virus_A/mallard/Ohio/6/1989_H6N8                               0.0393885 0.0435262 0.0392235 0.0351079 0.0305536 0.0305536 0.0347352 0.0348626 0.0349629 0.0350126 0.0394435 0.0393697 0.0436193 0.0481876 0.0200941 0.0000000 0.0620162 0.0566520 0.0577508 0.0607983 0.0697371 0.0783519 0.0567688 0.0476443 0.0482522 0.0415605 0.0772435 0.0577368 0.0475531 0.0522691 0.0476769 0.0476769 0.0750631 0.2684667 0.2684667 0.2842234 0.2842234 
Influenza_A_virus_A/swine/Korea/PZ72-1/2006_H3N1                           0.0287635 0.0244865 0.0203545 0.0283649 0.0286781 0.0286781 0.0327514 0.0328686 0.0329604 0.0325770 0.0368350 0.0372587 0.0414261 0.0372688 0.0484548 0.0620162 0.0000000 0.0455649 0.0453040 0.0414326 0.0412112 0.0413816 0.0456588 0.0454303 0.0410263 0.0549900 0.0646758 0.0636748 0.0600349 0.0733768 0.0679086 0.0679086 0.0786554 0.2500019 0.2500019 0.2649309 0.2649309 
Influenza_A_virus_A/Malaysia/5_H1N1                                        0.0242099 0.0282038 0.0241182 0.0281944 0.0241399 0.0241399 0.0281455 0.0282441 0.0283204 0.0364328 0.0406847 0.0241694 0.0366117 0.0325301 0.0433657 0.0566520 0.0455649 0.0000000 0.0159275 0.0200282 0.0447315 0.0364757 0.0160638 0.0240749 0.0491692 0.0498376 0.0589640 0.0583491 0.0656007 0.0703868 0.0561299 0.0561299 0.1012949 0.2634627 0.2634627 0.2788470 0.2788470 
Influenza_A_virus_A/Brazil/11/1978_H1N1                                    0.0323571 0.0363387 0.0322306 0.0363285 0.0322618 0.0322618 0.0362651 0.0363928 0.0364928 0.0446112 0.0489061 0.0323019 0.0448342 0.0407461 0.0448150 0.0577508 0.0453040 0.0159275 0.0000000 0.0281090 0.0444808 0.0362768 0.0241596 0.0321745 0.0574528 0.0542313 0.0586095 0.0667632 0.0738616 0.0787209 0.0649125 0.0649125 0.1006451 0.2667857 0.2667857 0.2822313 0.2822313 
Influenza_A_virus_A/New_York/802/1993_H3N2                                 0.0282275 0.0322083 0.0281191 0.0321984 0.0281453 0.0281453 0.0321424 0.0322553 0.0323435 0.0404451 0.0447108 0.0365568 0.0406456 0.0282268 0.0476007 0.0607983 0.0414326 0.0200282 0.0281090 0.0000000 0.0240418 0.0159649 0.0200702 0.0364123 0.0446934 0.0539286 0.0630952 0.0624392 0.0615505 0.0656988 0.0691758 0.0691758 0.0972231 0.2540348 0.2540348 0.2637658 0.2637658 
Influenza_A_virus_A/Panama/2007/1999_H3N2                                  0.0446788 0.0403515 0.0362416 0.0486240 0.0445436 0.0445436 0.0485382 0.0487104 0.0488506 0.0569705 0.0613293 0.0531554 0.0572604 0.0446657 0.0564111 0.0697371 0.0412112 0.0447315 0.0444808 0.0240418 0.0000000 0.0079196 0.0448220 0.0446019 0.0529188 0.0623162 0.0713594 0.0794692 0.0698426 0.0739801 0.0864400 0.0864400 0.0884892 0.2686661 0.2686661 0.2787839 0.2787839 
Influenza_A_virus_A/Managua/10.02/2010_H3N2                                0.0448623 0.0405142 0.0363856 0.0488253 0.0447260 0.0447260 0.0487387 0.0489124 0.0490540 0.0572123 0.0615934 0.0533801 0.0575049 0.0448490 0.0649629 0.0783519 0.0413816 0.0364757 0.0362768 0.0159649 0.0079196 0.0000000 0.0365495 0.0447848 0.0531415 0.0625895 0.0716813 0.0798315 0.0701502 0.0743082 0.0868430 0.0868430 0.0970608 0.2585302 0.2585302 0.2683545 0.2683545 
Influenza_A_virus_A/El_Salvador/2/1957_H2N2                                0.0242605 0.0282622 0.0241685 0.0282528 0.0241903 0.0241903 0.0282037 0.0283027 0.0283793 0.0365064 0.0407677 0.0325877 0.0366870 0.0325976 0.0434566 0.0567688 0.0456588 0.0160638 0.0241596 0.0200702 0.0448220 0.0365495 0.0000000 0.0324580 0.0492688 0.0499396 0.0590847 0.0584675 0.0657302 0.0705261 0.0651654 0.0651654 0.1014935 0.2650948 0.2650948 0.2806756 0.2806756 
Influenza_A_virus_A/Puerto_Rico/8/193_H1N1                                 0.0323546 0.0281227 0.0240491 0.0282763 0.0322593 0.0322593 0.0362625 0.0363902 0.0364902 0.0365401 0.0408073 0.0322995 0.0448314 0.0407433 0.0518308 0.0476443 0.0454303 0.0240749 0.0321745 0.0364123 0.0446019 0.0447848 0.0324580 0.0000000 0.0325999 0.0499934 0.0591539 0.0585350 0.0658083 0.0706132 0.0559192 0.0559192 0.0928925 0.2655622 0.2655622 0.2811164 0.2811164 
Influenza_A_virus_A/chicken/Rostock/5/193_H7N1                             0.0325261 0.0282690 0.0241725 0.0200306 0.0241353 0.0241353 0.0281397 0.0282383 0.0283146 0.0283524 0.0325705 0.0325131 0.0366032 0.0409652 0.0434376 0.0482522 0.0410263 0.0491692 0.0574528 0.0446934 0.0529188 0.0531415 0.0492688 0.0325999 0.0000000 0.0415787 0.0688534 0.0500835 0.0575017 0.0535433 0.0566396 0.0566396 0.0843884 0.2433231 0.2433231 0.2526571 0.2526571 
Influenza_A_virus_A/environment/New_York/30732-1/2005_H7N2                 0.0329775 0.0370316 0.0328459 0.0288210 0.0244711 0.0244711 0.0285284 0.0286296 0.0287081 0.0287470 0.0330231 0.0329640 0.0371078 0.0415290 0.0368724 0.0415605 0.0549900 0.0498376 0.0542313 0.0539286 0.0623162 0.0625895 0.0499396 0.0499934 0.0415787 0.0000000 0.0698050 0.0507753 0.0497389 0.0544327 0.0532796 0.0532796 0.0852745 0.2747014 0.2747014 0.2907223 0.2907223 
Influenza_A_virus_A/slaty-backed_gull/Japan/6KS0191/2006_HN8               0.0508141 0.0549159 0.0505930 0.0465351 0.0506520 0.0506520 0.0464493 0.0463345 0.0551772 0.0552598 0.0598142 0.0596949 0.0458700 0.0597018 0.0717572 0.0772435 0.0646758 0.0589640 0.0586095 0.0630952 0.0713594 0.0716813 0.0590847 0.0591539 0.0688534 0.0698050 0.0000000 0.0702279 0.0776250 0.0827711 0.0774517 0.0774517 0.1058651 0.2786381 0.2786381 0.3042376 0.3042376 
Influenza_A_virus_A/chicken/Yokoma/aq55/2001_H9N2                          0.0324852 0.0454239 0.0412083 0.0372008 0.0327522 0.0327522 0.0370477 0.0285925 0.0370500 0.0371015 0.0414352 0.0413590 0.0455195 0.0500160 0.0526456 0.0577368 0.0636748 0.0583491 0.0667632 0.0624392 0.0794692 0.0798315 0.0584675 0.0585350 0.0500835 0.0507753 0.0702279 0.0000000 0.0497561 0.0544532 0.0485814 0.0485814 0.0819133 0.2763191 0.2763191 0.2912524 0.2912524 
Influenza_A_virus_A/Viet_Nam/1203/200_H5N1                                 0.0488868 0.0528377 0.0486836 0.0447737 0.0403236 0.0403236 0.0445841 0.0362168 0.0445909 0.0416756 0.0460456 0.0488603 0.0529491 0.0574186 0.0514382 0.0475531 0.0600349 0.0656007 0.0738616 0.0615505 0.0698426 0.0701502 0.0657302 0.0658083 0.0575017 0.0497389 0.0776250 0.0497561 0.0000000 0.0119305 0.0474531 0.0474531 0.0578134 0.2569129 0.2569129 0.2710695 0.2710695 
Influenza_A_virus_A/chicken/Egypt/0891/2008_H5N1                           0.0534925 0.0574642 0.0532647 0.0493377 0.0447995 0.0447995 0.0491215 0.0406454 0.0491315 0.0462867 0.0507187 0.0534611 0.0538811 0.0621315 0.0562530 0.0522691 0.0733768 0.0703868 0.0787209 0.0656988 0.0739801 0.0743082 0.0705261 0.0706132 0.0535433 0.0544327 0.0827711 0.0544532 0.0119305 0.0000000 0.0522011 0.0522011 0.0707383 0.2678012 0.2678012 0.2768662 0.2768662 
Influenza_A_virus_A/Calinia/0/2009_H1N1                                    0.0476983 0.0518095 0.0474928 0.0434153 0.0387860 0.0387860 0.0432242 0.0344930 0.0432313 0.0401557 0.0447121 0.0476719 0.0519228 0.0565556 0.0518983 0.0476769 0.0679086 0.0561299 0.0649125 0.0691758 0.0864400 0.0868430 0.0651654 0.0559192 0.0566396 0.0532796 0.0774517 0.0485814 0.0474531 0.0522011 0.0000000 0.0000010 0.0757751 0.2855408 0.2855408 0.3008213 0.3008213 
Influenza_A_virus_A/swine/Argentina/CIP051-StaFeN2/2010_H1N2               0.0476983 0.0518095 0.0474928 0.0434153 0.0387860 0.0387860 0.0432242 0.0344930 0.0432313 0.0401557 0.0447121 0.0476719 0.0519228 0.0565556 0.0518983 0.0476769 0.0679086 0.0561299 0.0649125 0.0691758 0.0864400 0.0868430 0.0651654 0.0559192 0.0566396 0.0532796 0.0774517 0.0485814 0.0474531 0.0522011 0.0000010 0.0000000 0.0757751 0.2855408 0.2855408 0.3008213 0.3008213 
Influenza_A_virus_A/equine/Argentina/1/1977_H7N7                           0.0840157 0.0792909 0.0750076 0.0797856 0.0748599 0.0748599 0.0793768 0.0705939 0.0794201 0.0771194 0.0817555 0.0747542 0.0881270 0.0929413 0.0788668 0.0750631 0.0786554 0.1012949 0.1006451 0.0972231 0.0884892 0.0970608 0.1014935 0.0928925 0.0843884 0.0852745 0.1058651 0.0819133 0.0578134 0.0707383 0.0757751 0.0757751 0.0000000 0.2975883 0.2975883 0.3133130 0.3133130 
Influenza_A_virus_A/little_yellow-shouldered_bat/Guatemala/153/2009_H17N10 0.2598557 0.2529613 0.2479821 0.2424330 0.2472259 0.2472259 0.2428068 0.2422500 0.2409382 0.2539867 0.2538793 0.2591487 0.2643743 0.2672996 0.2709324 0.2684667 0.2500019 0.2634627 0.2667857 0.2540348 0.2686661 0.2585302 0.2650948 0.2655622 0.2433231 0.2747014 0.2786381 0.2763191 0.2569129 0.2678012 0.2855408 0.2855408 0.2975883 0.0000000 0.0000010 0.0418575 0.0418575 
Influenza_A_virus_A/little_yellow-shouldered_bat/Guatemala/16/2009_H17N10  0.2598557 0.2529613 0.2479821 0.2424330 0.2472259 0.2472259 0.2428068 0.2422500 0.2409382 0.2539867 0.2538793 0.2591487 0.2643743 0.2672996 0.2709324 0.2684667 0.2500019 0.2634627 0.2667857 0.2540348 0.2686661 0.2585302 0.2650948 0.2655622 0.2433231 0.2747014 0.2786381 0.2763191 0.2569129 0.2678012 0.2855408 0.2855408 0.2975883 0.0000010 0.0000000 0.0418575 0.0418575 
Influenza_A_virus_A/dark_fruit-eating_bat/Bolivia/PBV780-781/2011_H18N11   0.2751846 0.2679263 0.2627777 0.2568769 0.2619436 0.2619436 0.2663857 0.2567961 0.2553604 0.2690542 0.2689523 0.2743722 0.2798781 0.2829592 0.2820951 0.2842234 0.2649309 0.2788470 0.2822313 0.2637658 0.2787839 0.2683545 0.2806756 0.2811164 0.2526571 0.2907223 0.3042376 0.2912524 0.2710695 0.2768662 0.3008213 0.3008213 0.3133130 0.0418575 0.0418575 0.0000000 0.0000010 
Influenza_A_virus_A/Noctilio_albiventris/Colombia/2023                     0.2751846 0.2679263 0.2627777 0.2568769 0.2619436 0.2619436 0.2663857 0.2567961 0.2553604 0.2690542 0.2689523 0.2743722 0.2798781 0.2829592 0.2820951 0.2842234 0.2649309 0.2788470 0.2822313 0.2637658 0.2787839 0.2683545 0.2806756 0.2811164 0.2526571 0.2907223 0.3042376 0.2912524 0.2710695 0.2768662 0.3008213 0.3008213 0.3133130 0.0418575 0.0418575 0.0000010 0.0000000 
